t RuBP PGA DPGA T3P FBP E4P S7P SBP ATP NADPH CO2 O2 HexP PenP GCEA GCA PGCA GCAc GOAc SERc GLYc HPRc GCEAc T3Pc FBPc HexPc F26BPc ATPc ADPc OPOPc UDPGc UTPc SUCP SUC PGAc 
0 2 2.4 0.0011 0.5 0.67 0.05 2 0.3 0.68 0.21 0.012 0.264 2.2 0.25 0.1812 0.36 0.0029 0.36 0.028 7.5 1.8 0.0035 0.1812 2.3 2 5.8 7.8e-06 0.35 0.65 0 0.57 0.75 0 0 0  
1.5004e-05 2 2.3999 0.0012428 0.50003 0.66999 0.05004 2 0.29996 0.67988 0.21 0.012 0.264 2.2 0.25001 0.18119 0.36002 0.0028875 0.35998 0.028006 7.5 1.8 0.0035023 0.1812 2.3 2 5.8 7.937e-06 0.35 0.65 0 0.57 0.75 4.3833e-08 8.801e-13 2.954e-06  
3.0007e-05 2 2.3998 0.0013844 0.50006 0.66997 0.05008 2 0.29993 0.67976 0.21 0.012 0.264 2.2 0.25001 0.18118 0.36003 0.0028751 0.35997 0.028013 7.5 1.8 0.0035046 0.18121 2.3 2 5.8 8.074e-06 0.35 0.65 0 0.57 0.75 8.7666e-08 2.7777e-12 5.9078e-06  
4.5011e-05 2 2.3996 0.0015249 0.50009 0.66996 0.05012 2 0.29989 0.67964 0.21 0.012 0.264 2.2 0.25002 0.18117 0.36005 0.0028627 0.35995 0.028019 7.5 1.8 0.0035069 0.18121 2.3 2 5.8 8.211e-06 0.35 0.65 0 0.57 0.75 1.315e-07 5.7142e-12 8.8612e-06  
0.00010216 2 2.3992 0.0020521 0.50021 0.66991 0.050272 2 0.29975 0.67918 0.21 0.012 0.264 2.2 0.25004 0.18113 0.36011 0.0028162 0.35988 0.028044 7.5 1.8 0.0035157 0.18122 2.3 2 5.8 8.7329e-06 0.35 0.65 0 0.57 0.75 2.9845e-07 2.5702e-11 2.0109e-05  
0.00015932 2 2.3987 0.0025668 0.50034 0.66986 0.050424 2 0.29962 0.67873 0.21 0.012 0.264 2.2 0.25007 0.18109 0.36017 0.0027706 0.35982 0.028068 7.5 1.8 0.0035244 0.18123 2.3 2 5.8 9.2547e-06 0.35 0.65 0 0.57001 0.75 4.6539e-07 6.044e-11 3.1352e-05  
0.00021647 2 2.3983 0.0030709 0.50048 0.6698 0.050576 2 0.29948 0.67827 0.21 0.012 0.264 2.2001 0.25009 0.18105 0.36023 0.0027259 0.35975 0.028093 7.5 1.8001 0.0035332 0.18124 2.3 2 5.8 9.7766e-06 0.35 0.65 0 0.57001 0.75 6.3232e-07 1.1019e-10 4.2591e-05  
0.00027362 2 2.3978 0.0035658 0.50063 0.66975 0.050728 2 0.29934 0.67782 0.21 0.012 0.264 2.2001 0.25012 0.18102 0.36028 0.0026822 0.35969 0.028117 7.5 1.8001 0.0035419 0.18125 2.3 2 5.8 1.0298e-05 0.35 0.65 0 0.57001 0.75 7.9924e-07 1.7506e-10 5.3825e-05  
0.00038377 2 2.3969 0.0044977 0.50095 0.66965 0.051019 2 0.29908 0.67694 0.21 0.012 0.264 2.2001 0.25016 0.18094 0.36039 0.0026004 0.35956 0.028164 7.5 1.8001 0.0035587 0.18127 2.3001 2 5.8 1.1304e-05 0.35 0.65 0 0.57001 0.75 1.1209e-06 3.427e-10 7.5462e-05  
0.00049391 2 2.3961 0.0054066 0.50128 0.66955 0.05131 1.9999 0.29882 0.67607 0.21 0.012 0.264 2.2001 0.25021 0.18087 0.36049 0.0025219 0.35944 0.028211 7.5 1.8001 0.0035754 0.18129 2.3001 2 5.8 1.231e-05 0.35 0.65 0 0.57002 0.75 1.4425e-06 5.6654e-10 9.7082e-05  
0.00060406 2 2.3952 0.0062969 0.50163 0.66945 0.051601 1.9999 0.29856 0.6752 0.21 0.012 0.264 2.2002 0.25026 0.18079 0.3606 0.0024465 0.35931 0.028258 7.4999 1.8001 0.0035921 0.18131 2.3001 2 5.8 1.3316e-05 0.35 0.65 0 0.57002 0.75 1.764e-06 8.4656e-10 0.00011868  
0.00071421 2 2.3943 0.0071718 0.50199 0.66935 0.05189 1.9999 0.29829 0.67433 0.21 0.012 0.264 2.2002 0.25031 0.18072 0.36069 0.002374 0.35919 0.028305 7.4999 1.8002 0.0036087 0.18133 2.3001 2 5.8 1.4321e-05 0.35 0.65 0 0.57002 0.75 2.0855e-06 1.1827e-09 0.00014027  
0.00082435 2 2.3935 0.0080333 0.50236 0.66925 0.052179 1.9999 0.29803 0.67346 0.21 0.012 0.264 2.2002 0.25036 0.18065 0.36079 0.0023044 0.35906 0.028351 7.4999 1.8002 0.0036253 0.18135 2.3001 1.9999 5.8 1.5327e-05 0.35 0.65 0 0.57003 0.75 2.4069e-06 1.575e-09 0.00016184  
0.00099476 2 2.3921 0.0093436 0.50295 0.6691 0.052625 1.9999 0.29763 0.67212 0.21 0.012 0.264 2.2003 0.25043 0.18053 0.36093 0.0022021 0.35887 0.028423 7.4999 1.8002 0.0036508 0.18138 2.3001 1.9999 5.8 1.6883e-05 0.35 0.65 0 0.57003 0.75 2.9041e-06 2.2925e-09 0.00019517  
0.0011652 2 2.3908 0.010631 0.50356 0.66894 0.053069 1.9999 0.29723 0.67078 0.21 0.012 0.264 2.2003 0.2505 0.18042 0.36106 0.0021061 0.35868 0.028495 7.4999 1.8003 0.0036762 0.18141 2.3002 1.9999 5.8 1.8438e-05 0.35 0.65 0 0.57004 0.75 3.4012e-06 3.1442e-09 0.00022845  
0.0013356 2 2.3894 0.011899 0.50419 0.66879 0.053511 1.9999 0.29683 0.66945 0.21 0.012 0.264 2.2003 0.25058 0.18031 0.36119 0.0020158 0.35849 0.028566 7.4999 1.8003 0.0037015 0.18144 2.3002 1.9999 5.8 1.9994e-05 0.35 0.65 0 0.57005 0.75 3.8981e-06 4.1302e-09 0.0002617  
0.001506 2 2.3881 0.01315 0.50482 0.66863 0.053952 1.9998 0.29644 0.66813 0.21 0.012 0.264 2.2004 0.25065 0.1802 0.36132 0.0019311 0.3583 0.028637 7.4999 1.8004 0.0037266 0.18147 2.3002 1.9999 5.8 2.155e-05 0.35 0.65 0 0.57005 0.75 4.3949e-06 5.2504e-09 0.0002949  
0.0016764 2 2.3868 0.014385 0.50547 0.66848 0.054391 1.9998 0.29604 0.66681 0.21 0.012 0.264 2.2004 0.25073 0.18008 0.36143 0.0018515 0.35811 0.028708 7.4998 1.8004 0.0037516 0.1815 2.3002 1.9999 5.8 2.3106e-05 0.35 0.65 0 0.57006 0.75 4.8916e-06 6.5047e-09 0.00032805  
0.0019808 1.9999 2.3844 0.01656 0.50663 0.6682 0.055172 1.9998 0.29534 0.66446 0.21 0.012 0.264 2.2005 0.25086 0.17989 0.36163 0.0017212 0.35777 0.028834 7.4998 1.8005 0.003796 0.18155 2.3003 1.9999 5.8 2.5885e-05 0.35 0.65 0 0.57007 0.75 5.7786e-06 9.0794e-09 0.00038718  
0.0022852 1.9999 2.3821 0.018699 0.50782 0.66793 0.055948 1.9997 0.29464 0.66212 0.21 0.012 0.264 2.2006 0.251 0.17969 0.36181 0.0016048 0.35743 0.02896 7.4998 1.8006 0.00384 0.18161 2.3003 1.9999 5.8 2.8664e-05 0.35 0.65 0 0.57008 0.75 6.6652e-06 1.2082e-08 0.00044618  
0.0025897 1.9999 2.3798 0.020805 0.50902 0.66765 0.056719 1.9997 0.29395 0.6598 0.21 0.012 0.264 2.2007 0.25114 0.17949 0.36198 0.0015008 0.35709 0.029084 7.4997 1.8006 0.0038837 0.18166 2.3003 1.9998 5.8 3.1443e-05 0.35 0.65 0 0.57009 0.75 7.5515e-06 1.5512e-08 0.00050503  
0.0028941 1.9999 2.3774 0.022883 0.51023 0.66738 0.057485 1.9997 0.29327 0.6575 0.21 0.012 0.264 2.2008 0.25128 0.1793 0.36214 0.0014079 0.35675 0.029208 7.4997 1.8007 0.0039269 0.18172 2.3004 1.9998 5.8 3.4222e-05 0.35 0.65 0 0.5701 0.75 8.4373e-06 1.9369e-08 0.00056375  
0.0031985 1.9999 2.3751 0.024935 0.51145 0.6671 0.058246 1.9996 0.29259 0.6552 0.21 0.012 0.264 2.2008 0.25142 0.1791 0.36228 0.0013249 0.35642 0.029331 7.4997 1.8008 0.0039698 0.18177 2.3004 1.9998 5.8 3.7001e-05 0.35 0.65 0 0.57011 0.75 9.3227e-06 2.3653e-08 0.00062233  
0.0037675 1.9999 2.3709 0.028707 0.51374 0.66658 0.059655 1.9996 0.29133 0.65095 0.21 0.012 0.264 2.201 0.25168 0.17874 0.36253 0.001193 0.35579 0.029559 7.4996 1.801 0.0040489 0.18188 2.3005 1.9998 5.8001 4.2194e-05 0.35 0.65 0 0.57013 0.75 1.0976e-05 3.2804e-08 0.00073145  
0.0043364 1.9999 2.3666 0.032404 0.51604 0.66607 0.061049 1.9995 0.29008 0.64675 0.21 0.012 0.264 2.2011 0.25194 0.17838 0.36275 0.0010864 0.35517 0.029785 7.4996 1.8011 0.0041268 0.18198 2.3006 1.9997 5.8001 4.7386e-05 0.35 0.65 0 0.57015 0.75 1.2629e-05 4.3443e-08 0.0008401  
0.0049053 1.9998 2.3624 0.036035 0.51835 0.66555 0.062426 1.9994 0.28886 0.64259 0.21 0.012 0.264 2.2013 0.25221 0.17803 0.36294 0.0010001 0.35455 0.030008 7.4995 1.8013 0.0042034 0.18209 2.3007 1.9997 5.8001 5.2578e-05 0.35 0.65 0 0.57017 0.75 1.428e-05 5.557e-08 0.00094829  
0.0054743 1.9998 2.3583 0.039604 0.52066 0.66504 0.063788 1.9994 0.28765 0.63848 0.21 0.012 0.264 2.2014 0.25249 0.17768 0.36312 0.00093031 0.35393 0.030228 7.4994 1.8014 0.0042789 0.18219 2.3007 1.9997 5.8001 5.777e-05 0.35 0.65 0 0.57019 0.75 1.5929e-05 6.9183e-08 0.001056  
0.0060432 1.9998 2.3542 0.043114 0.52296 0.66452 0.065134 1.9993 0.28645 0.63442 0.21 0.012 0.264 2.2016 0.25276 0.17733 0.36328 0.00087391 0.35332 0.030446 7.4994 1.8016 0.0043531 0.1823 2.3008 1.9996 5.8001 6.2961e-05 0.35 0.65 0 0.57021 0.75 1.7577e-05 8.428e-08 0.0011633  
0.0069516 1.9997 2.3477 0.048606 0.52664 0.6637 0.067253 1.9992 0.28458 0.62802 0.21 0.012 0.264 2.2018 0.25321 0.17678 0.36351 0.00080568 0.35235 0.030789 7.4993 1.8018 0.0044693 0.18247 2.3009 1.9996 5.8001 7.125e-05 0.35 0.65 0 0.57024 0.75 2.0206e-05 1.1146e-07 0.0013336  
0.00786 1.9997 2.3413 0.053966 0.5303 0.66288 0.069336 1.9991 0.28274 0.62173 0.21 0.012 0.264 2.202 0.25367 0.17624 0.36371 0.00075718 0.35138 0.031125 7.4992 1.8021 0.0045827 0.18264 2.3011 1.9995 5.8001 7.9538e-05 0.35 0.65 0 0.57027 0.75 2.2831e-05 1.4241e-07 0.0015028  
0.0087685 1.9997 2.335 0.059204 0.53394 0.66205 0.071383 1.9989 0.28094 0.61555 0.21 0.012 0.264 2.2023 0.25413 0.17571 0.36389 0.00072262 0.35043 0.031456 7.4991 1.8024 0.0046933 0.18281 2.3012 1.9994 5.8001 8.7824e-05 0.35 0.65 0 0.57031 0.75 2.5453e-05 1.7713e-07 0.0016709  
0.0096769 1.9996 2.3289 0.064324 0.53756 0.66123 0.073396 1.9988 0.27918 0.60948 0.21 0.012 0.264 2.2025 0.25461 0.17519 0.36405 0.00069803 0.34948 0.031781 7.499 1.8026 0.0048012 0.18298 2.3013 1.9994 5.8001 9.611e-05 0.35 0.65 0 0.57034 0.75 2.8071e-05 2.1561e-07 0.0018379  
0.010585 1.9995 2.3228 0.069332 0.54115 0.66041 0.075376 1.9987 0.27745 0.60352 0.21 0.012 0.264 2.2027 0.25509 0.17468 0.3642 0.00068058 0.34853 0.032099 7.4989 1.8029 0.0049066 0.18316 2.3014 1.9993 5.8001 0.0001044 0.35 0.65 0 0.57037 0.75 3.0686e-05 2.5784e-07 0.0020038  
0.01188 1.9995 2.3143 0.076284 0.54624 0.65924 0.078143 1.9985 0.27505 0.59519 0.21 0.012 0.264 2.203 0.25579 0.17396 0.3644 0.00066433 0.3472 0.032544 7.4987 1.8033 0.0050525 0.18341 2.3016 1.9993 5.8002 0.0001162 0.35 0.65 0 0.57042 0.75 3.4406e-05 3.245e-07 0.0022385  
0.013175 1.9994 2.3059 0.083026 0.55127 0.65807 0.080848 1.9983 0.27271 0.58706 0.21 0.012 0.264 2.2034 0.2565 0.17326 0.36457 0.00065444 0.34589 0.032977 7.4985 1.8038 0.0051936 0.18366 2.3018 1.9992 5.8002 0.00012801 0.35 0.65 0 0.57046 0.75 3.812e-05 3.9876e-07 0.002471  
0.014469 1.9993 2.2978 0.089567 0.55625 0.6569 0.083494 1.9981 0.27043 0.57914 0.21 0.012 0.264 2.2037 0.25723 0.17257 0.36473 0.0006484 0.34458 0.0334 7.4984 1.8042 0.0053301 0.18392 2.302 1.9991 5.8002 0.00013981 0.35 0.65 0 0.57051 0.75 4.1826e-05 4.8059e-07 0.0027015  
0.015764 1.9992 2.2898 0.095917 0.56117 0.65573 0.086083 1.9979 0.26821 0.5714 0.21 0.012 0.264 2.204 0.25798 0.1719 0.36487 0.00064477 0.3433 0.033811 7.4982 1.8046 0.0054621 0.18417 2.3021 1.999 5.8002 0.00015161 0.35 0.65 0 0.57055 0.75 4.5525e-05 5.6998e-07 0.00293  
0.017059 1.9991 2.282 0.10208 0.56605 0.65456 0.088619 1.9977 0.26605 0.56385 0.21 0.012 0.264 2.2043 0.25874 0.17125 0.365 0.00064268 0.34202 0.034212 7.498 1.8051 0.0055899 0.18443 2.3023 1.9989 5.8002 0.00016341 0.35 0.65 0 0.5706 0.75 4.9217e-05 6.6691e-07 0.0031564  
0.01929 1.9989 2.2689 0.11229 0.57433 0.65254 0.092868 1.9973 0.26246 0.55125 0.21 0.012 0.264 2.2048 0.26008 0.17016 0.36519 0.00064121 0.33985 0.03488 7.4977 1.8059 0.0058007 0.18487 2.3026 1.9988 5.8003 0.00018374 0.35 0.65 0 0.57067 0.75 5.5565e-05 8.5161e-07 0.0035423  
0.021522 1.9987 2.2562 0.12201 0.58246 0.65053 0.096974 1.9969 0.25901 0.53916 0.21 0.012 0.264 2.2054 0.26146 0.16911 0.36535 0.00064089 0.33773 0.035519 7.4974 1.8067 0.0060003 0.18531 2.303 1.9987 5.8003 0.00020407 0.35 0.65 0 0.57075 0.75 6.1891e-05 1.0586e-06 0.0039227  
0.023754 1.9985 2.244 0.13125 0.59046 0.64852 0.10095 1.9965 0.25571 0.52756 0.21 0.012 0.264 2.2059 0.26288 0.1681 0.36547 0.00064101 0.33564 0.03613 7.4971 1.8075 0.0061894 0.18576 2.3033 1.9985 5.8003 0.00022439 0.35 0.65 0 0.57083 0.75 6.8197e-05 1.2876e-06 0.0042978  
0.025985 1.9983 2.2323 0.14004 0.59831 0.64651 0.10479 1.9961 0.25255 0.51642 0.21 0.012 0.264 2.2064 0.26433 0.16714 0.36556 0.00064137 0.33359 0.036714 7.4967 1.8084 0.0063688 0.18621 2.3036 1.9984 5.8003 0.00024471 0.35 0.65 0 0.57091 0.75 7.4483e-05 1.5388e-06 0.0046677  
0.028217 1.9981 2.2209 0.14841 0.60604 0.6445 0.10852 1.9957 0.24951 0.50573 0.21 0.012 0.264 2.2069 0.26582 0.16621 0.36561 0.00064187 0.33157 0.037274 7.4964 1.8092 0.0065389 0.18665 2.3039 1.9982 5.8004 0.00026502 0.35 0.65 0 0.57099 0.75 8.0747e-05 1.8119e-06 0.0050327  
0.03336 1.9976 2.196 0.16619 0.62339 0.63987 0.11671 1.9946 0.24294 0.48266 0.21 0.012 0.264 2.208 0.26938 0.16423 0.36562 0.0006432 0.32706 0.038472 7.4956 1.8114 0.006899 0.18768 2.3047 1.9979 5.8004 0.00031181 0.35 0.65 0 0.57117 0.75 9.5109e-05 2.5245e-06 0.0058561  
0.038504 1.997 2.173 0.18205 0.64015 0.63525 0.12438 1.9936 0.23693 0.46161 0.21 0.012 0.264 2.2092 0.27309 0.16245 0.36547 0.0006445 0.32273 0.039553 7.4947 1.8136 0.0072193 0.18869 2.3054 1.9976 5.8005 0.00035858 0.35 0.65 0 0.57135 0.75 0.00010936 3.3522e-06 0.006656  
0.043647 1.9963 2.1516 0.19619 0.65639 0.63064 0.1316 1.9924 0.23141 0.44238 0.21 0.012 0.264 2.2102 0.27694 0.16084 0.36517 0.00064571 0.31856 0.040528 7.4938 1.8159 0.0075048 0.1897 2.3062 1.9973 5.8006 0.00040532 0.35 0.65 0 0.57153 0.75 0.00012351 4.2937e-06 0.0074342  
0.048791 1.9957 2.1317 0.20878 0.67213 0.62603 0.13842 1.9912 0.22632 0.4248 0.21 0.012 0.264 2.2113 0.28091 0.1594 0.36474 0.00064691 0.31455 0.041407 7.4929 1.8182 0.0077598 0.19069 2.307 1.997 5.8006 0.00045203 0.35 0.65 0 0.57171 0.75 0.00013755 5.3481e-06 0.0081923  
0.053934 1.995 2.1131 0.21996 0.68745 0.62144 0.14488 1.99 0.22163 0.40871 0.21 0.012 0.264 2.2123 0.28499 0.15811 0.36417 0.0006481 0.31069 0.042199 7.4919 1.8206 0.0079876 0.19166 2.3078 1.9967 5.8007 0.00049871 0.35 0.65 0 0.57189 0.75 0.00015148 6.5141e-06 0.0089314  
0.060929 1.994 2.0897 0.23315 0.70765 0.61519 0.15316 1.9882 0.21582 0.38898 0.21 0.012 0.264 2.2137 0.29071 0.1566 0.36321 0.00064966 0.30567 0.043151 7.4906 1.8241 0.0082593 0.19296 2.3088 1.9962 5.8008 0.00056215 0.35 0.65 0 0.57213 0.75 0.00017026 8.2772e-06 0.0099085  
0.067924 1.993 2.0683 0.24427 0.72721 0.60896 0.16092 1.9864 0.21058 0.37145 0.21 0.012 0.264 2.215 0.29657 0.15533 0.36205 0.00065117 0.30088 0.043972 7.4893 1.8275 0.0084928 0.19422 2.3099 1.9958 5.8008 0.00062554 0.35 0.65 0 0.57238 0.75 0.00018886 1.0242e-05 0.010856  
0.074919 1.992 2.0486 0.25355 0.74621 0.60275 0.16821 1.9846 0.20585 0.35584 0.21 0.012 0.264 2.2163 0.30257 0.15427 0.3607 0.00065262 0.29631 0.04468 7.4879 1.8311 0.0086933 0.19544 2.3111 1.9954 5.8009 0.00068887 0.35 0.65 0 0.57262 0.75 0.00020726 1.2406e-05 0.011775  
0.081914 1.991 2.0304 0.26124 0.7647 0.59655 0.17511 1.9827 0.20158 0.34192 0.21 0.012 0.264 2.2176 0.30867 0.15342 0.35918 0.00065404 0.29193 0.045288 7.4864 1.8348 0.0088654 0.19663 2.3122 1.995 5.801 0.00075215 0.35 0.65 0 0.57287 0.75 0.00022547 1.4766e-05 0.012669  
0.088909 1.9899 2.0136 0.26751 0.78272 0.59036 0.18164 1.9807 0.19771 0.3295 0.21 0.012 0.264 2.2188 0.31487 0.15274 0.35751 0.00065543 0.28774 0.045807 7.485 1.8384 0.0090126 0.19777 2.3133 1.9946 5.8011 0.00081538 0.35 0.65 0 0.57311 0.75 0.0002435 1.7321e-05 0.013539  
0.099236 1.9884 1.9909 0.27452 0.80856 0.58125 0.19069 1.9777 0.19267 0.31354 0.21 0.012 0.264 2.2205 0.32414 0.15203 0.35479 0.00065742 0.28186 0.046433 7.4829 1.844 0.0091912 0.1994 2.315 1.9939 5.8012 0.00090865 0.35 0.65 0 0.57348 0.75 0.00026979 2.1441e-05 0.014784  
0.10956 1.9869 1.9705 0.27923 0.83359 0.57217 0.19914 1.9747 0.18833 0.29997 0.21 0.012 0.264 2.2221 0.33352 0.15161 0.35182 0.00065935 0.2763 0.046915 7.4807 1.8496 0.0093309 0.20095 2.3167 1.9933 5.8013 0.0010018 0.35 0.65 0 0.57384 0.75 0.00029568 2.5969e-05 0.015985  
0.11989 1.9854 1.9519 0.28201 0.8579 0.56312 0.20704 1.9716 0.1846 0.28842 0.21 0.012 0.264 2.2237 0.34297 0.15144 0.34863 0.00066123 0.27103 0.047279 7.4785 1.8552 0.0094384 0.20243 2.3184 1.9927 5.8014 0.0010948 0.35 0.65 0 0.5742 0.75 0.00032119 3.0898e-05 0.017145  
0.13022 1.9839 1.9349 0.28314 0.88159 0.55411 0.21448 1.9685 0.18141 0.27855 0.21 0.012 0.264 2.2252 0.35245 0.15149 0.34524 0.00066308 0.266 0.047542 7.4763 1.8609 0.0095193 0.20385 2.3202 1.9921 5.8014 0.0011878 0.35 0.65 0 0.57456 0.75 0.00034631 3.622e-05 0.018268  
0.14055 1.9825 1.9194 0.28288 0.9047 0.54513 0.22151 1.9654 0.17869 0.27008 0.21 0.012 0.264 2.2266 0.36193 0.15172 0.3417 0.00066488 0.26119 0.047722 7.4741 1.8666 0.0095781 0.2052 2.322 1.9915 5.8015 0.0012806 0.35 0.65 0 0.57493 0.75 0.00037107 4.1926e-05 0.019357  
0.15087 1.9812 1.9049 0.28142 0.92731 0.53618 0.22817 1.9622 0.17641 0.2628 0.21 0.012 0.264 2.228 0.37138 0.1521 0.33803 0.00066666 0.25658 0.047831 7.4719 1.8723 0.0096185 0.20649 2.3237 1.9909 5.8016 0.0013733 0.35 0.65 0 0.57529 0.75 0.00039546 4.8009e-05 0.020415  
0.16769 1.9792 1.8836 0.27693 0.96316 0.52169 0.23833 1.957 0.17349 0.25299 0.21 0.012 0.264 2.2301 0.38666 0.15298 0.33181 0.00066949 0.24942 0.047887 7.4683 1.8815 0.0096527 0.20847 2.3267 1.99 5.8018 0.001524 0.35 0.65 0 0.57588 0.75 0.0004344 5.8703e-05 0.022073  
0.18451 1.9774 1.8645 0.2703 0.99796 0.5073 0.24775 1.9517 0.17143 0.24516 0.21 0.012 0.264 2.232 0.40174 0.15411 0.32538 0.00067228 0.24263 0.047825 7.4648 1.8907 0.0096565 0.21034 2.3297 1.989 5.8019 0.0016744 0.35 0.65 0 0.57648 0.75 0.00047241 7.0344e-05 0.023659  
0.20133 1.9758 1.8471 0.26197 1.0318 0.493 0.25654 1.9465 0.17011 0.23885 0.21 0.012 0.264 2.2338 0.41656 0.15543 0.31879 0.00067502 0.23614 0.047673 7.4614 1.8998 0.0096373 0.21209 2.3327 1.9881 5.802 0.0018246 0.35 0.65 0 0.57707 0.75 0.00050952 8.2902e-05 0.02518  
0.21814 1.9745 1.8313 0.25227 1.0649 0.47882 0.26478 1.9413 0.16942 0.23369 0.21 0.012 0.264 2.2354 0.43109 0.15687 0.3121 0.00067772 0.2299 0.047452 7.4579 1.9088 0.009601 0.21374 2.3358 1.9871 5.8021 0.0019744 0.35 0.65 0 0.57766 0.75 0.00054574 9.6347e-05 0.02664  
0.23496 1.9735 1.8167 0.24144 1.0972 0.46474 0.27256 1.9362 0.16929 0.22941 0.21 0.012 0.264 2.2369 0.44529 0.1584 0.30535 0.0006804 0.22387 0.047179 7.4546 1.9176 0.0095517 0.21531 2.3389 1.9862 5.8022 0.002124 0.35 0.65 0 0.57826 0.75 0.0005811 0.00011065 0.028044  
0.25178 1.9728 1.8032 0.2297 1.1288 0.45078 0.27993 1.9311 0.16964 0.2258 0.21 0.012 0.264 2.2382 0.45916 0.15999 0.29858 0.00068306 0.21802 0.046864 7.4513 1.9264 0.0094926 0.21679 2.3421 1.9853 5.8023 0.0022733 0.35 0.65 0 0.57885 0.75 0.00061562 0.00012578 0.029395  
0.27419 1.9722 1.7866 0.21289 1.17 0.43236 0.28919 1.9243 0.17076 0.22177 0.21 0.012 0.264 2.2398 0.47711 0.16215 0.28955 0.00068657 0.21045 0.046397 7.447 1.9378 0.0094025 0.21866 2.3463 1.9841 5.8024 0.0024717 0.35 0.65 0 0.57964 0.75 0.00066036 0.00014718 0.031121  
0.2966 1.9721 1.7715 0.19499 1.2102 0.41417 0.2979 1.9177 0.17252 0.2184 0.21 0.012 0.264 2.2411 0.49443 0.16433 0.28056 0.00069004 0.20311 0.045886 7.4429 1.9489 0.0093026 0.22042 2.3506 1.9829 5.8024 0.0026697 0.35 0.65 0 0.58044 0.75 0.00070371 0.00016994 0.032766  
0.31901 1.9724 1.7576 0.17622 1.2494 0.39622 0.30613 1.9112 0.17483 0.21553 0.21 0.012 0.264 2.2422 0.51114 0.16649 0.27166 0.00069348 0.19597 0.04534 7.4389 1.9598 0.0091955 0.22207 2.355 1.9817 5.8025 0.0028671 0.35 0.65 0 0.58123 0.75 0.00074571 0.000194 0.034337  
0.34142 1.9731 1.7448 0.15676 1.2876 0.37852 0.31395 1.9048 0.17761 0.21302 0.21 0.012 0.264 2.2431 0.52725 0.16862 0.26286 0.00069689 0.18901 0.044766 7.4351 1.9703 0.0090829 0.22363 2.3594 1.9805 5.8026 0.0030641 0.35 0.65 0 0.58202 0.75 0.00078641 0.0002193 0.03584  
0.36383 1.9743 1.733 0.13678 1.325 0.36109 0.32141 1.8986 0.18081 0.21079 0.21 0.012 0.264 2.2436 0.54278 0.1707 0.25418 0.00070027 0.1822 0.044168 7.4313 1.9806 0.0089657 0.2251 2.3638 1.9794 5.8026 0.0032606 0.35 0.65 0 0.58282 0.75 0.00082586 0.00024579 0.037279  
0.38624 1.9758 1.7221 0.11645 1.3613 0.34394 0.32854 1.8925 0.18436 0.20879 0.21 0.012 0.264 2.244 0.55773 0.17272 0.24565 0.0007036 0.17555 0.043548 7.4278 1.9905 0.0088446 0.22648 2.3683 1.9783 5.8026 0.0034565 0.35 0.65 0 0.58362 0.75 0.0008641 0.0002734 0.038658  
0.41511 1.9782 1.7094 0.090087 1.4066 0.3223 0.3373 1.8848 0.18939 0.20646 0.21 0.012 0.264 2.244 0.57619 0.17522 0.23487 0.00070782 0.16719 0.042719 7.4234 2.0028 0.0086835 0.22814 2.3742 1.9768 5.8026 0.0037083 0.35 0.65 0 0.58464 0.75 0.00091165 0.00031056 0.040353  
0.43421 1.9801 1.7016 0.072803 1.4353 0.30828 0.34287 1.8799 0.19296 0.20505 0.21 0.012 0.264 2.2438 0.58791 0.17681 0.2279 0.00071055 0.1618 0.042154 7.4207 2.0107 0.008574 0.22916 2.3781 1.9759 5.8026 0.0038745 0.35 0.65 0 0.58532 0.75 0.0009421 0.00033608 0.041428  
0.44846 1.9817 1.6962 0.060189 1.456 0.29797 0.34691 1.8763 0.19573 0.20406 0.21 0.012 0.264 2.2436 0.5964 0.17796 0.22277 0.00071255 0.15784 0.041723 7.4187 2.0164 0.008491 0.22989 2.381 1.9752 5.8026 0.0039982 0.35 0.65 0 0.58583 0.75 0.00096429 0.00035557 0.042207  
0.46008 1.9831 1.692 0.050224 1.4722 0.28968 0.35013 1.8734 0.19805 0.20329 0.21 0.012 0.264 2.2433 0.60316 0.17888 0.21865 0.00071415 0.15466 0.041366 7.4171 2.021 0.0084223 0.23045 2.3834 1.9746 5.8026 0.0040989 0.35 0.65 0 0.58624 0.75 0.00098207 0.00037175 0.042829  
0.4717 1.9845 1.6879 0.040719 1.4878 0.28148 0.3533 1.8705 0.20043 0.20255 0.21 0.012 0.264 2.2429 0.60977 0.17978 0.21457 0.00071571 0.15151 0.041005 7.4156 2.0255 0.0083529 0.231 2.3858 1.974 5.8026 0.0041995 0.35 0.65 0 0.58666 0.75 0.00099958 0.00038817 0.043439  
0.48013 1.9856 1.6851 0.034238 1.4985 0.2756 0.35556 1.8685 0.20218 0.20202 0.21 0.012 0.264 2.2426 0.61447 0.18041 0.21164 0.00071682 0.14926 0.04074 7.4145 2.0286 0.008302 0.23138 2.3875 1.9736 5.8026 0.0042724 0.35 0.65 0 0.58696 0.75 0.0010121 0.00040023 0.043874  
0.48855 1.9867 1.6824 0.028238 1.5086 0.26977 0.3578 1.8665 0.20395 0.20152 0.21 0.012 0.264 2.2423 0.61909 0.18104 0.20874 0.00071789 0.14703 0.040473 7.4135 2.0318 0.0082508 0.23175 2.3893 1.9732 5.8026 0.0043452 0.35 0.65 0 0.58726 0.75 0.0010245 0.00041242 0.044304  
0.49547 1.9877 1.6802 0.023781 1.5164 0.26502 0.35961 1.8648 0.20542 0.20111 0.21 0.012 0.264 2.242 0.62281 0.18154 0.20638 0.00071875 0.14521 0.040251 7.4126 2.0343 0.0082084 0.23204 2.3907 1.9729 5.8026 0.0044049 0.35 0.65 0 0.5875 0.75 0.0010345 0.00042251 0.044653  
0.50238 1.9886 1.6781 0.019848 1.5235 0.26032 0.3614 1.8632 0.2069 0.20071 0.21 0.012 0.264 2.2416 0.62648 0.18204 0.20404 0.00071958 0.14341 0.040029 7.4118 2.0368 0.0081658 0.23233 2.3922 1.9726 5.8026 0.0044645 0.35 0.65 0 0.58775 0.75 0.0010445 0.00043268 0.044998  
0.50929 1.9896 1.676 0.016535 1.53 0.25564 0.36318 1.8616 0.20839 0.20032 0.21 0.012 0.264 2.2413 0.63007 0.18253 0.20171 0.00072038 0.14162 0.039804 7.411 2.0393 0.008123 0.23261 2.3936 1.9722 5.8025 0.0045241 0.35 0.65 0 0.588 0.75 0.0010544 0.00044293 0.045339  
0.51429 1.9904 1.6746 0.01457 1.5342 0.2523 0.36445 1.8605 0.20947 0.20004 0.21 0.012 0.264 2.241 0.63262 0.18288 0.20004 0.00072093 0.14033 0.039641 7.4104 2.0411 0.0080918 0.23281 2.3946 1.972 5.8025 0.0045671 0.35 0.65 0 0.58818 0.75 0.0010614 0.00045038 0.045584  
0.5188 1.991 1.6733 0.013105 1.5377 0.24928 0.36559 1.8595 0.21045 0.19979 0.21 0.012 0.264 2.2408 0.6349 0.18319 0.19854 0.00072142 0.13918 0.039493 7.4099 2.0426 0.0080635 0.23298 2.3956 1.9718 5.8025 0.004606 0.35 0.65 0 0.58834 0.75 0.0010678 0.00045716 0.045804  
0.52206 1.9915 1.6724 0.012231 1.54 0.24712 0.3664 1.8588 0.21116 0.19962 0.21 0.012 0.264 2.2406 0.63652 0.18341 0.19747 0.00072176 0.13835 0.039386 7.4095 2.0438 0.0080431 0.23311 2.3963 1.9716 5.8025 0.004634 0.35 0.65 0 0.58845 0.75 0.0010723 0.00046206 0.045961  
0.52453 1.9919 1.6717 0.011661 1.5417 0.24548 0.36702 1.8582 0.2117 0.19949 0.21 0.012 0.264 2.2405 0.63774 0.18358 0.19665 0.00072201 0.13773 0.039304 7.4092 2.0446 0.0080276 0.2332 2.3968 1.9715 5.8025 0.0046553 0.35 0.65 0 0.58854 0.75 0.0010758 0.00046579 0.046081  
0.527 1.9923 1.671 0.011167 1.5433 0.24385 0.36764 1.8577 0.21224 0.19936 0.21 0.012 0.264 2.2403 0.63895 0.18375 0.19584 0.00072226 0.1371 0.039223 7.4089 2.0455 0.0080119 0.23329 2.3973 1.9714 5.8025 0.0046765 0.35 0.65 0 0.58863 0.75 0.0010792 0.00046954 0.0462  
0.52947 1.9926 1.6703 0.010742 1.5448 0.24222 0.36825 1.8571 0.21278 0.19923 0.21 0.012 0.264 2.2402 0.64015 0.18392 0.19503 0.0007225 0.13648 0.039141 7.4087 2.0463 0.0079963 0.23338 2.3978 1.9713 5.8025 0.0046978 0.35 0.65 0 0.58872 0.75 0.0010826 0.0004733 0.046319  
0.5315 1.993 1.6698 0.010441 1.546 0.2409 0.36875 1.8567 0.21323 0.19912 0.21 0.012 0.264 2.2401 0.64112 0.18405 0.19437 0.0007227 0.13597 0.039073 7.4084 2.047 0.0079835 0.23346 2.3982 1.9712 5.8025 0.0047152 0.35 0.65 0 0.58879 0.75 0.0010854 0.00047637 0.046415  
0.53352 1.9933 1.6692 0.010179 1.5471 0.23957 0.36925 1.8562 0.21367 0.19901 0.21 0.012 0.264 2.2399 0.64209 0.18419 0.19371 0.00072289 0.13546 0.039006 7.4082 2.0477 0.0079707 0.23353 2.3987 1.9711 5.8025 0.0047326 0.35 0.65 0 0.58886 0.75 0.0010882 0.00047946 0.046512  
0.53554 1.9936 1.6687 0.0099499 1.5482 0.23825 0.36974 1.8558 0.21411 0.19891 0.21 0.012 0.264 2.2398 0.64305 0.18432 0.19305 0.00072308 0.13496 0.038938 7.408 2.0484 0.0079578 0.2336 2.3991 1.971 5.8025 0.0047499 0.35 0.65 0 0.58894 0.75 0.001091 0.00048255 0.046608  
0.53756 1.9939 1.6682 0.0097514 1.5493 0.23693 0.37024 1.8554 0.21456 0.19881 0.21 0.012 0.264 2.2397 0.644 0.18445 0.19239 0.00072327 0.13445 0.038871 7.4078 2.049 0.0079449 0.23368 2.3995 1.9709 5.8025 0.0047673 0.35 0.65 0 0.58901 0.75 0.0010938 0.00048565 0.046704  
0.5419 1.9946 1.6671 0.0094116 1.5515 0.23411 0.3713 1.8544 0.21551 0.19859 0.21 0.012 0.264 2.2394 0.64602 0.18474 0.19099 0.00072367 0.13337 0.038725 7.4073 2.0505 0.0079172 0.23383 2.4004 1.9707 5.8025 0.0048046 0.35 0.65 0 0.58916 0.75 0.0010997 0.00049232 0.04691  
0.54625 1.9953 1.6659 0.0091641 1.5536 0.23131 0.37235 1.8535 0.21646 0.19837 0.21 0.012 0.264 2.2392 0.64801 0.18502 0.18959 0.00072406 0.1323 0.038579 7.4068 2.0519 0.0078894 0.23398 2.4013 1.9705 5.8024 0.0048419 0.35 0.65 0 0.58932 0.75 0.0011056 0.00049902 0.047115  
0.55059 1.996 1.6649 0.0089827 1.5556 0.22852 0.37339 1.8526 0.21742 0.19816 0.21 0.012 0.264 2.2389 0.64997 0.1853 0.1882 0.00072445 0.13123 0.038433 7.4064 2.0533 0.0078615 0.23412 2.4022 1.9703 5.8024 0.0048791 0.35 0.65 0 0.58947 0.75 0.0011114 0.00050575 0.047318  
0.55493 1.9967 1.6638 0.008848 1.5576 0.22575 0.37442 1.8517 0.21837 0.19795 0.21 0.012 0.264 2.2386 0.65189 0.18557 0.18682 0.00072483 0.13017 0.038285 7.4059 2.0548 0.0078335 0.23427 2.4031 1.9701 5.8024 0.0049164 0.35 0.65 0 0.58963 0.75 0.0011173 0.0005125 0.047521  
0.55927 1.9974 1.6627 0.0087461 1.5595 0.22299 0.37545 1.8509 0.21933 0.19774 0.21 0.012 0.264 2.2383 0.65378 0.18584 0.18544 0.0007252 0.12912 0.038137 7.4055 2.0561 0.0078054 0.23441 2.404 1.9699 5.8024 0.0049536 0.35 0.65 0 0.58978 0.75 0.001123 0.00051929 0.047723  
0.56408 1.9982 1.6616 0.0086599 1.5616 0.21996 0.37658 1.8499 0.22038 0.19751 0.21 0.012 0.264 2.238 0.65584 0.18614 0.18393 0.00072562 0.12796 0.037973 7.405 2.0577 0.0077741 0.23456 2.405 1.9697 5.8024 0.0049947 0.35 0.65 0 0.58996 0.75 0.0011294 0.00052683 0.047945  
0.56888 1.999 1.6605 0.0085926 1.5636 0.21694 0.37771 1.8489 0.22144 0.19729 0.21 0.012 0.264 2.2376 0.65786 0.18643 0.18242 0.00072602 0.1268 0.037808 7.4045 2.0592 0.0077428 0.2347 2.4061 1.9694 5.8024 0.0050359 0.35 0.65 0 0.59013 0.75 0.0011357 0.0005344 0.048166  
0.57369 1.9998 1.6594 0.0085377 1.5656 0.21395 0.37882 1.848 0.2225 0.19707 0.21 0.012 0.264 2.2373 0.65985 0.18672 0.18093 0.00072643 0.12566 0.037643 7.4041 2.0607 0.0077114 0.23485 2.4071 1.9692 5.8024 0.005077 0.35 0.65 0 0.5903 0.75 0.001142 0.00054201 0.048386  
0.57849 2.0006 1.6583 0.0084909 1.5676 0.21097 0.37993 1.8471 0.22356 0.19686 0.21 0.012 0.264 2.2369 0.6618 0.18701 0.17944 0.00072682 0.12452 0.037477 7.4036 2.0621 0.0076798 0.23499 2.4081 1.969 5.8023 0.0051181 0.35 0.65 0 0.59047 0.75 0.0011483 0.00054965 0.048604  
0.5833 2.0015 1.6573 0.0084495 1.5696 0.20802 0.38103 1.8462 0.22462 0.19665 0.21 0.012 0.264 2.2365 0.66371 0.18729 0.17797 0.00072722 0.12339 0.03731 7.4032 2.0636 0.0076481 0.23512 2.4091 1.9688 5.8023 0.0051592 0.35 0.65 0 0.59064 0.75 0.0011545 0.00055732 0.048822  
0.5881 2.0023 1.6562 0.0084119 1.5716 0.20508 0.38212 1.8453 0.22568 0.19644 0.21 0.012 0.264 2.2362 0.66559 0.18757 0.1765 0.00072761 0.12226 0.037143 7.4027 2.0651 0.0076163 0.23526 2.4101 1.9685 5.8023 0.0052003 0.35 0.65 0 0.59082 0.75 0.0011606 0.00056503 0.049038  
0.59484 2.0035 1.6548 0.0083637 1.5743 0.20101 0.38364 1.844 0.22716 0.19616 0.21 0.012 0.264 2.2356 0.66817 0.18795 0.17446 0.00072815 0.1207 0.036907 7.4021 2.067 0.0075716 0.23544 2.4115 1.9682 5.8023 0.0052578 0.35 0.65 0 0.59106 0.75 0.0011692 0.00057587 0.04934  
0.60157 2.0047 1.6535 0.0083191 1.577 0.19697 0.38514 1.8428 0.22864 0.19589 0.21 0.012 0.264 2.235 0.67068 0.18833 0.17243 0.00072869 0.11915 0.036671 7.4015 2.069 0.0075267 0.23561 2.4129 1.9679 5.8022 0.0053152 0.35 0.65 0 0.5913 0.75 0.0011777 0.00058678 0.04964  
0.6083 2.0059 1.6522 0.0082769 1.5797 0.19298 0.38663 1.8416 0.23013 0.19562 0.21 0.012 0.264 2.2345 0.67313 0.18869 0.17043 0.00072921 0.11761 0.036433 7.4009 2.0709 0.0074816 0.23577 2.4143 1.9676 5.8022 0.0053727 0.35 0.65 0 0.59154 0.75 0.0011862 0.00059775 0.049937  
0.61504 2.0071 1.6509 0.0082365 1.5824 0.18903 0.3881 1.8404 0.23161 0.19536 0.21 0.012 0.264 2.2339 0.67552 0.18905 0.16844 0.00072973 0.11609 0.036194 7.4004 2.0728 0.0074363 0.23593 2.4157 1.9673 5.8022 0.00543 0.35 0.65 0 0.59178 0.75 0.0011945 0.00060878 0.050232  
0.62177 2.0083 1.6496 0.0081977 1.585 0.18512 0.38957 1.8393 0.2331 0.19511 0.21 0.012 0.264 2.2332 0.67785 0.18941 0.16648 0.00073024 0.11459 0.035955 7.3998 2.0747 0.0073908 0.23608 2.4171 1.967 5.8022 0.0054874 0.35 0.65 0 0.59202 0.75 0.0012028 0.00061987 0.050526  
0.6285 2.0095 1.6484 0.0081604 1.5876 0.18125 0.39101 1.8381 0.23458 0.19486 0.21 0.012 0.264 2.2326 0.68012 0.18975 0.16453 0.00073075 0.1131 0.035714 7.3993 2.0765 0.0073451 0.23622 2.4185 1.9667 5.8021 0.0055447 0.35 0.65 0 0.59226 0.75 0.001211 0.00063101 0.050818  
0.64177 2.012 1.6462 0.0080907 1.5926 0.17376 0.39383 1.8359 0.2375 0.19439 0.21 0.012 0.264 2.2312 0.68444 0.19041 0.16074 0.00073172 0.11021 0.035237 7.3983 2.08 0.0072544 0.23648 2.4213 1.9661 5.8021 0.0056575 0.35 0.65 0 0.59274 0.75 0.001227 0.00065314 0.051387  
0.65505 2.0145 1.644 0.0080258 1.5975 0.16645 0.3966 1.8338 0.24042 0.19395 0.21 0.012 0.264 2.2298 0.68856 0.19103 0.15702 0.00073265 0.10737 0.034756 7.3974 2.0834 0.0071632 0.23671 2.4241 1.9655 5.802 0.0057702 0.35 0.65 0 0.59321 0.75 0.0012427 0.00067548 0.051949  
0.66832 2.017 1.642 0.0079652 1.6023 0.15933 0.39932 1.8318 0.24333 0.19354 0.21 0.012 0.264 2.2283 0.69247 0.19163 0.15338 0.00073356 0.10459 0.034273 7.3965 2.0866 0.0070713 0.23691 2.4269 1.9649 5.8019 0.0058827 0.35 0.65 0 0.59369 0.75 0.0012581 0.00069803 0.052504  
0.68159 2.0195 1.6401 0.0079086 1.607 0.15239 0.402 1.8298 0.24624 0.19314 0.21 0.012 0.264 2.2267 0.69621 0.1922 0.14981 0.00073443 0.10188 0.033787 7.3957 2.0897 0.0069789 0.23709 2.4296 1.9644 5.8018 0.005995 0.35 0.65 0 0.59417 0.75 0.0012733 0.00072078 0.053052  
0.69487 2.0221 1.6384 0.0078556 1.6115 0.14564 0.40464 1.8279 0.24914 0.19277 0.21 0.012 0.264 2.2249 0.69977 0.19273 0.14631 0.00073526 0.099216 0.033298 7.3949 2.0926 0.006886 0.23723 2.4324 1.9638 5.8018 0.0061072 0.35 0.65 0 0.59464 0.75 0.0012882 0.00074372 0.053594  
0.73577 2.0302 1.6336 0.0077132 1.6249 0.1261 0.4125 1.8223 0.25806 0.19175 0.21 0.012 0.264 2.2189 0.70971 0.19419 0.13599 0.0007376 0.091394 0.031784 7.3929 2.1009 0.0065972 0.23749 2.441 1.962 5.8015 0.006452 0.35 0.65 0 0.59612 0.75 0.0013326 0.00081557 0.055226  
0.77668 2.0384 1.6298 0.0075973 1.6373 0.10855 0.42 1.8172 0.2669 0.1909 0.21 0.012 0.264 2.2117 0.71828 0.19536 0.12637 0.00073958 0.084138 0.030265 7.3915 2.1079 0.0063063 0.23748 2.4496 1.9603 5.8012 0.0067953 0.35 0.65 0 0.59759 0.75 0.0013748 0.000889 0.056802  
0.81759 2.0468 1.6268 0.0075027 1.6486 0.093085 0.42716 1.8125 0.27566 0.19019 0.21 0.012 0.264 2.2032 0.72566 0.19624 0.11745 0.00074118 0.077446 0.028754 7.3907 2.1135 0.0060156 0.23719 2.4581 1.9586 5.8009 0.0071372 0.35 0.65 0 0.59906 0.75 0.001415 0.00096386 0.058329  
0.8585 2.0553 1.6244 0.0074258 1.6589 0.079723 0.434 1.8082 0.28431 0.1896 0.21 0.012 0.264 2.1936 0.732 0.19683 0.10921 0.00074239 0.071309 0.027265 7.3905 2.1179 0.0057274 0.23664 2.4667 1.9569 5.8005 0.0074776 0.35 0.65 0 0.60054 0.75 0.0014531 0.00104 0.05981  
0.8994 2.0639 1.6226 0.0073636 1.6683 0.068436 0.44054 1.8042 0.29286 0.18911 0.21 0.012 0.264 2.1826 0.73742 0.19714 0.10165 0.00074322 0.065714 0.025813 7.3908 2.1211 0.0054443 0.23583 2.4753 1.9552 5.8001 0.0078166 0.35 0.65 0 0.60202 0.75 0.0014895 0.0011173 0.061249  
0.9406 2.0726 1.6212 0.0073136 1.677 0.059063 0.44684 1.8005 0.30136 0.18872 0.21 0.012 0.264 2.1705 0.74206 0.19718 0.094707 0.00074369 0.060608 0.0244 7.3916 2.123 0.0051668 0.23476 2.484 1.9536 5.7997 0.0081565 0.35 0.65 0 0.60351 0.75 0.0015244 0.0011961 0.062658  
0.98179 2.0814 1.6202 0.0072743 1.685 0.051517 0.45287 1.7969 0.30972 0.18841 0.21 0.012 0.264 2.1572 0.74598 0.19696 0.0884 0.00074383 0.056007 0.023049 7.393 2.1237 0.0048995 0.23346 2.4927 1.952 5.7993 0.008495 0.35 0.65 0 0.605 0.75 0.0015576 0.0012758 0.064031  
1.023 2.0902 1.6194 0.0072442 1.6925 0.045574 0.45863 1.7936 0.31795 0.18817 0.21 0.012 0.264 2.1431 0.74926 0.19648 0.082704 0.00074369 0.051885 0.021769 7.3949 2.1233 0.0046445 0.23193 2.5014 1.9504 5.7988 0.0088321 0.35 0.65 0 0.6065 0.75 0.0015894 0.0013563 0.065369  
1.0642 2.0991 1.6188 0.007222 1.6996 0.040984 0.46413 1.7904 0.32605 0.188 0.21 0.012 0.264 2.1283 0.75198 0.19576 0.077586 0.0007433 0.04821 0.020568 7.3972 2.1218 0.0044034 0.2302 2.5101 1.9488 5.7983 0.0091678 0.35 0.65 0 0.60799 0.75 0.0016197 0.0014374 0.066675  
1.1054 2.1079 1.6183 0.0072067 1.7064 0.037503 0.46939 1.7874 0.33402 0.18788 0.21 0.012 0.264 2.1129 0.75422 0.19483 0.07301 0.00074272 0.044949 0.019452 7.4 2.1193 0.0041778 0.22827 2.5188 1.9473 5.7978 0.0095021 0.35 0.65 0 0.60949 0.75 0.0016486 0.0015191 0.067948  
1.1466 2.1168 1.618 0.0071974 1.713 0.034904 0.47442 1.7845 0.34185 0.18781 0.21 0.012 0.264 2.0972 0.75605 0.19368 0.068935 0.00074199 0.042069 0.018424 7.4031 2.1158 0.0039686 0.22618 2.5276 1.9458 5.7972 0.0098351 0.35 0.65 0 0.61099 0.75 0.0016764 0.0016013 0.069192  
1.1878 2.1258 1.6176 0.0071931 1.7196 0.03299 0.47922 1.7817 0.34954 0.18779 0.21 0.012 0.264 2.0813 0.75753 0.19235 0.065323 0.00074115 0.039537 0.017486 7.4066 2.1115 0.0037763 0.22395 2.5363 1.9443 5.7967 0.010167 0.35 0.65 0 0.6125 0.75 0.001703 0.0016839 0.070406  
1.2308 2.1351 1.6172 0.0071934 1.7265 0.031547 0.48401 1.7788 0.35743 0.1878 0.21 0.012 0.264 2.0646 0.75876 0.19078 0.062001 0.00074018 0.037228 0.016599 7.4106 2.1062 0.0035938 0.22147 2.5454 1.9427 5.796 0.010512 0.35 0.65 0 0.61407 0.75 0.0017295 0.0017705 0.071643  
1.2738 2.1444 1.6168 0.0071977 1.7334 0.030526 0.48859 1.776 0.36519 0.18785 0.21 0.012 0.264 2.0478 0.75973 0.18905 0.059094 0.00073916 0.035224 0.015805 7.4149 2.1002 0.0034295 0.21888 2.5546 1.9412 5.7954 0.010855 0.35 0.65 0 0.61564 0.75 0.001755 0.0018573 0.072849  
1.3168 2.1537 1.6163 0.0072054 1.7405 0.029814 0.49295 1.7732 0.3728 0.18793 0.21 0.012 0.264 2.0312 0.76049 0.18717 0.056559 0.0007381 0.033492 0.015099 7.4195 2.0935 0.0032828 0.21619 2.5637 1.9397 5.7947 0.011197 0.35 0.65 0 0.61721 0.75 0.0017794 0.0019442 0.074024  
1.3598 2.163 1.6157 0.007216 1.7476 0.029327 0.49712 1.7704 0.38029 0.18804 0.21 0.012 0.264 2.0146 0.76107 0.18518 0.054353 0.00073701 0.032 0.014475 7.4243 2.0862 0.0031529 0.21342 2.5729 1.9382 5.794 0.011537 0.35 0.65 0 0.61879 0.75 0.0018029 0.0020313 0.07517  
1.4028 2.1723 1.615 0.007229 1.7549 0.029002 0.50109 1.7676 0.38765 0.18817 0.21 0.012 0.264 1.9983 0.76153 0.18308 0.052439 0.00073591 0.030717 0.013927 7.4293 2.0785 0.0030385 0.21059 2.582 1.9368 5.7933 0.011876 0.35 0.65 0 0.62037 0.75 0.0018255 0.0021185 0.076285  
1.4458 2.1816 1.6142 0.0072439 1.7623 0.028794 0.50489 1.7648 0.39488 0.18832 0.21 0.012 0.264 1.9821 0.76189 0.1809 0.050781 0.00073481 0.029618 0.013448 7.4345 2.0703 0.0029384 0.20772 2.5912 1.9354 5.7926 0.012214 0.35 0.65 0 0.62195 0.75 0.0018472 0.0022056 0.077371  
1.4951 2.1923 1.613 0.0072628 1.7711 0.028657 0.50903 1.7616 0.40303 0.1885 0.21 0.012 0.264 1.9638 0.76221 0.17831 0.049154 0.00073355 0.028553 0.012974 7.4406 2.0605 0.0028397 0.2044 2.6017 1.9338 5.7917 0.012599 0.35 0.65 0 0.62376 0.75 0.0018711 0.0023053 0.078578  
1.5443 2.2029 1.6117 0.0072832 1.78 0.028597 0.51296 1.7583 0.41103 0.1887 0.21 0.012 0.264 1.9459 0.76247 0.17566 0.047777 0.0007323 0.027665 0.012572 7.4469 2.0504 0.0027561 0.20107 2.6123 1.9322 5.7909 0.012983 0.35 0.65 0 0.62558 0.75 0.0018941 0.0024049 0.079746  
1.5936 2.2135 1.6101 0.0073048 1.789 0.02859 0.51668 1.755 0.41888 0.18892 0.21 0.012 0.264 1.9282 0.76269 0.17297 0.046612 0.00073106 0.026926 0.012232 7.4532 2.0399 0.0026856 0.19773 2.6228 1.9306 5.7899 0.013364 0.35 0.65 0 0.6274 0.75 0.0019162 0.0025042 0.080875  
1.6429 2.2241 1.6084 0.0073272 1.7983 0.02862 0.52022 1.7516 0.4266 0.18914 0.21 0.012 0.264 1.9108 0.76289 0.17025 0.045627 0.00072984 0.026313 0.011945 7.4597 2.0293 0.0026267 0.19441 2.6334 1.9291 5.789 0.013744 0.35 0.65 0 0.62922 0.75 0.0019375 0.0026032 0.081965  
1.6921 2.2347 1.6064 0.00735 1.8078 0.028676 0.52356 1.7481 0.43419 0.18937 0.21 0.012 0.264 1.8937 0.76309 0.16751 0.044792 0.00072863 0.025805 0.011703 7.4661 2.0184 0.0025776 0.19111 2.6439 1.9275 5.788 0.014123 0.35 0.65 0 0.63104 0.75 0.001958 0.0027019 0.083016  
1.7414 2.2452 1.6041 0.0073731 1.8174 0.028751 0.52674 1.7446 0.44166 0.1896 0.21 0.012 0.264 1.8769 0.76329 0.16477 0.044083 0.00072744 0.025385 0.0115 7.4727 2.0075 0.0025368 0.18785 2.6545 1.926 5.787 0.014499 0.35 0.65 0 0.63287 0.75 0.0019779 0.0028002 0.084028  
1.8139 2.2608 1.6005 0.0074071 1.8318 0.028884 0.5311 1.7393 0.45242 0.18995 0.21 0.012 0.264 1.8528 0.76363 0.16077 0.043228 0.00072571 0.024896 0.011259 7.4823 1.9913 0.0024895 0.18314 2.67 1.9239 5.7856 0.01505 0.35 0.65 0 0.63556 0.75 0.002006 0.0029441 0.085446  
1.8864 2.2763 1.5963 0.0074408 1.8465 0.029037 0.53512 1.7338 0.46295 0.1903 0.21 0.012 0.264 1.8292 0.76403 0.15683 0.042549 0.00072402 0.024529 0.011073 7.4919 1.9751 0.0024543 0.17854 2.6855 1.9218 5.784 0.015597 0.35 0.65 0 0.63826 0.75 0.0020329 0.0030869 0.08678  
1.9589 2.2918 1.5917 0.0074737 1.8614 0.029204 0.53882 1.7282 0.47323 0.19064 0.21 0.012 0.264 1.8062 0.76449 0.15295 0.042006 0.00072237 0.024254 0.010928 7.5014 1.9589 0.0024283 0.17407 2.7011 1.9197 5.7824 0.016141 0.35 0.65 0 0.64096 0.75 0.0020587 0.0032286 0.08803  
2.0314 2.3073 1.5866 0.0075056 1.8766 0.029381 0.54222 1.7223 0.4833 0.19099 0.21 0.012 0.264 1.7838 0.76502 0.14918 0.041567 0.00072074 0.024049 0.010816 7.5109 1.9428 0.0024094 0.16974 2.7166 1.9177 5.7808 0.016682 0.35 0.65 0 0.64366 0.75 0.0020836 0.003369 0.089196  
2.1039 2.3228 1.5812 0.0075364 1.892 0.029566 0.54533 1.7164 0.49315 0.19133 0.21 0.012 0.264 1.7619 0.76562 0.1455 0.041209 0.00071915 0.023897 0.010729 7.5202 1.9268 0.002396 0.16555 2.7321 1.9157 5.7791 0.017219 0.35 0.65 0 0.64638 0.75 0.0021076 0.0035081 0.09028  
2.1764 2.3383 1.5753 0.0075659 1.9076 0.029757 0.54818 1.7102 0.5028 0.19167 0.21 0.012 0.264 1.7406 0.76628 0.14194 0.040911 0.00071759 0.023785 0.01066 7.5295 1.9111 0.0023867 0.16151 2.7477 1.9137 5.7774 0.017752 0.35 0.65 0 0.64909 0.75 0.0021309 0.0036459 0.091281  
2.2847 2.3615 1.5658 0.0076075 1.9311 0.030051 0.55196 1.7008 0.51683 0.19216 0.21 0.012 0.264 1.7097 0.7674 0.13684 0.040553 0.00071531 0.023671 0.010583 7.5431 1.888 0.0023783 0.15575 2.7708 1.9108 5.7748 0.018543 0.35 0.65 0 0.65316 0.75 0.0021644 0.003849 0.092625  
2.3929 2.3848 1.5556 0.007646 1.955 0.030356 0.55522 1.691 0.53045 0.19263 0.21 0.012 0.264 1.6798 0.76864 0.132 0.040269 0.0007131 0.023602 0.010527 7.5564 1.8654 0.0023746 0.15032 2.7938 1.9081 5.7721 0.019326 0.35 0.65 0 0.65723 0.75 0.0021968 0.0040489 0.093792  
2.5011 2.408 1.5447 0.0076815 1.979 0.030668 0.55802 1.6809 0.54368 0.1931 0.21 0.012 0.264 1.6511 0.76998 0.12743 0.040039 0.00071093 0.023563 0.010485 7.5694 1.8433 0.0023739 0.14522 2.8168 1.9054 5.7693 0.020101 0.35 0.65 0 0.66131 0.75 0.0022281 0.0042456 0.094786  
2.6093 2.4314 1.5331 0.0077141 2.0033 0.030986 0.56038 1.6705 0.55652 0.19355 0.21 0.012 0.264 1.6233 0.7714 0.12313 0.039846 0.00070882 0.023544 0.010453 7.5821 1.8219 0.0023752 0.14042 2.8397 1.9027 5.7664 0.02087 0.35 0.65 0 0.66541 0.75 0.0022587 0.004439 0.095611  
2.7175 2.4548 1.521 0.0077439 2.0277 0.031309 0.56234 1.6598 0.56901 0.19399 0.21 0.012 0.264 1.5965 0.7729 0.11908 0.039682 0.00070675 0.023538 0.010428 7.5944 1.801 0.0023779 0.13591 2.8625 1.9002 5.7635 0.021632 0.35 0.65 0 0.66951 0.75 0.0022886 0.0046293 0.096274  
2.8258 2.4782 1.5084 0.007771 2.0522 0.031636 0.56395 1.6489 0.58114 0.19442 0.21 0.012 0.264 1.5706 0.77444 0.11527 0.03954 0.00070472 0.023541 0.010407 7.6065 1.7806 0.0023813 0.13169 2.8852 1.8977 5.7605 0.022388 0.35 0.65 0 0.67362 0.75 0.0023179 0.0048163 0.096781  
2.9797 2.5117 1.4899 0.0078053 2.0871 0.032108 0.56568 1.6329 0.59782 0.19501 0.21 0.012 0.264 1.5353 0.77669 0.11025 0.039366 0.00070189 0.023554 0.010382 7.6232 1.7527 0.002387 0.12615 2.9172 1.8942 5.7561 0.023451 0.35 0.65 0 0.67947 0.75 0.0023589 0.005077 0.097244  
3.1336 2.5452 1.4706 0.0078351 2.1221 0.032585 0.56683 1.6165 0.61384 0.19559 0.21 0.012 0.264 1.5018 0.77896 0.10567 0.039222 0.00069913 0.023575 0.010363 7.6393 1.7258 0.0023934 0.1211 2.949 1.8908 5.7516 0.024501 0.35 0.65 0 0.68535 0.75 0.0023993 0.0053316 0.097421  
3.2875 2.5789 1.4509 0.0078608 2.157 0.033065 0.56747 1.5996 0.62925 0.19615 0.21 0.012 0.264 1.4698 0.78123 0.10148 0.039099 0.00069642 0.023602 0.010346 7.6548 1.7 0.0024001 0.11651 2.9805 1.8876 5.7469 0.025539 0.35 0.65 0 0.69123 0.75 0.0024393 0.0055804 0.097333  
3.4414 2.6126 1.4308 0.0078829 2.1919 0.033547 0.56768 1.5824 0.64406 0.1967 0.21 0.012 0.264 1.4393 0.78347 0.097662 0.038995 0.00069376 0.023632 0.010332 7.6697 1.6753 0.002407 0.11233 3.0117 1.8845 5.7422 0.026565 0.35 0.65 0 0.69713 0.75 0.0024791 0.0058235 0.097  
3.5953 2.6464 1.4106 0.0079019 2.2267 0.03403 0.56751 1.5648 0.6583 0.19723 0.21 0.012 0.264 1.4103 0.78565 0.094172 0.038907 0.00069113 0.023664 0.01032 7.6841 1.6516 0.0024139 0.10853 3.0425 1.8814 5.7374 0.027578 0.35 0.65 0 0.70304 0.75 0.0025187 0.0060614 0.096441  
3.7492 2.6802 1.3902 0.0079181 2.2613 0.034513 0.56702 1.547 0.672 0.19776 0.21 0.012 0.264 1.3827 0.78776 0.090981 0.038833 0.00068853 0.023698 0.010309 7.698 1.6288 0.0024209 0.10507 3.073 1.8785 5.7324 0.02858 0.35 0.65 0 0.70895 0.75 0.0025582 0.0062943 0.095677  
4.0029 2.7359 1.3566 0.0079401 2.3179 0.035308 0.56561 1.5171 0.69344 0.19862 0.21 0.012 0.264 1.3401 0.79105 0.086299 0.038737 0.0006843 0.023758 0.010295 7.7198 1.5933 0.0024323 0.10002 3.1224 1.8738 5.7241 0.030207 0.35 0.65 0 0.71872 0.75 0.0026235 0.006668 0.094022  
4.2565 2.7915 1.3234 0.0079574 2.3738 0.036099 0.56364 1.4866 0.71356 0.19948 0.21 0.012 0.264 1.3008 0.79404 0.08223 0.038668 0.00068011 0.02382 0.010284 7.7404 1.5603 0.0024436 0.095657 3.1708 1.8693 5.7156 0.031804 0.35 0.65 0 0.7285 0.75 0.002689 0.0070303 0.091947  
4.5101 2.8468 1.2908 0.0079716 2.429 0.036884 0.56124 1.4558 0.73248 0.20032 0.21 0.012 0.264 1.2645 0.79671 0.078669 0.038622 0.00067594 0.023884 0.010276 7.7598 1.5294 0.0024547 0.091869 3.2181 1.865 5.7068 0.033374 0.35 0.65 0 0.73829 0.75 0.0027551 0.0073824 0.089532  
4.7637 2.9017 1.2591 0.0079838 2.4834 0.037661 0.55856 1.4247 0.75027 0.20117 0.21 0.012 0.264 1.231 0.79903 0.07553 0.038592 0.00067178 0.02395 0.01027 7.778 1.5007 0.0024656 0.088553 3.2644 1.8609 5.6979 0.034916 0.35 0.65 0 0.74809 0.75 0.0028217 0.0077255 0.086849  
5.0174 2.9562 1.2284 0.0079951 2.5371 0.03843 0.55568 1.3935 0.76704 0.20203 0.21 0.012 0.264 1.2002 0.80099 0.07274 0.038576 0.00066761 0.024016 0.010267 7.7952 1.474 0.0024762 0.085628 3.3095 1.857 5.6888 0.036431 0.35 0.65 0 0.75788 0.75 0.002889 0.0080608 0.083962  
5.3885 3.0349 1.1853 0.0080115 2.614 0.039541 0.5513 1.3479 0.78994 0.20331 0.21 0.012 0.264 1.1593 0.8032 0.069161 0.038571 0.00066149 0.024113 0.010265 7.8187 1.4381 0.0024912 0.081907 3.3736 1.8516 5.6752 0.038605 0.35 0.65 0 0.77221 0.75 0.0029887 0.0085393 0.07949  
5.7596 3.112 1.1446 0.0080293 2.6892 0.040632 0.54691 1.3025 0.81114 0.20461 0.21 0.012 0.264 1.1231 0.80463 0.066054 0.038581 0.00065533 0.024209 0.010267 7.8402 1.4059 0.0025055 0.078707 3.4354 1.8464 5.6613 0.040726 0.35 0.65 0 0.78652 0.75 0.0030899 0.0090059 0.074855  
6.1308 3.1874 1.1061 0.0080495 2.7627 0.041704 0.54266 1.2577 0.8309 0.20595 0.21 0.012 0.264 1.091 0.8053 0.063311 0.038601 0.00064913 0.024302 0.01027 7.86 1.377 0.002519 0.075905 3.495 1.8416 5.6472 0.0428 0.35 0.65 0 0.80079 0.75 0.0031928 0.0094632 0.070177  
6.5019 3.2608 1.0698 0.0080726 2.8344 0.042757 0.53866 1.2137 0.84948 0.20732 0.21 0.012 0.264 1.0625 0.80525 0.060851 0.038627 0.00064288 0.024391 0.010275 7.8782 1.3511 0.0025318 0.073409 3.5524 1.837 5.6328 0.044827 0.35 0.65 0 0.81502 0.75 0.0032973 0.0099132 0.065547  
6.873 3.3322 1.0353 0.0080987 2.9044 0.043792 0.535 1.1706 0.86711 0.20874 0.21 0.012 0.264 1.0373 0.80452 0.058612 0.038655 0.00063659 0.024477 0.010281 7.895 1.3278 0.0025437 0.071152 3.6076 1.8326 5.6182 0.04681 0.35 0.65 0 0.82919 0.75 0.0034035 0.010358 0.061032  
7.2442 3.4013 1.0026 0.0081277 2.9728 0.044809 0.53173 1.1288 0.884 0.21019 0.21 0.012 0.264 1.015 0.80315 0.056549 0.038684 0.00063027 0.024559 0.010289 7.9105 1.307 0.0025549 0.06908 3.6608 1.8285 5.6034 0.04875 0.35 0.65 0 0.8433 0.75 0.0035112 0.010799 0.05668  
7.7508 3.4918 0.96012 0.0081713 3.0636 0.046169 0.52798 1.0737 0.90622 0.21225 0.21 0.012 0.264 0.98879 0.80035 0.053954 0.03872 0.0006216 0.024663 0.010299 7.9299 1.282 0.0025689 0.066484 3.7301 1.8232 5.5829 0.051335 0.35 0.65 0 0.86245 0.75 0.003661 0.011397 0.051062  
8.2575 3.578 0.91979 0.0082184 3.1514 0.047496 0.52508 1.0214 0.92785 0.2144 0.21 0.012 0.264 0.96669 0.79658 0.051556 0.03875 0.0006129 0.024759 0.01031 7.9473 1.2607 0.0025816 0.064092 3.7958 1.8182 5.5621 0.053848 0.35 0.65 0 0.88145 0.75 0.0038138 0.011994 0.045855  
8.7641 3.6598 0.88108 0.0082675 3.2363 0.048791 0.52307 0.97183 0.94924 0.21665 0.21 0.012 0.264 0.94818 0.79198 0.049304 0.038773 0.00060419 0.024846 0.010321 7.9632 1.2424 0.0025929 0.061852 3.858 1.8136 5.5411 0.056295 0.35 0.65 0 0.90029 0.75 0.0039695 0.012591 0.041073  
9.2708 3.7372 0.84355 0.0083172 3.3184 0.050053 0.52194 0.92524 0.97067 0.21901 0.21 0.012 0.264 0.93277 0.78667 0.047161 0.038787 0.00059548 0.024924 0.010331 7.9776 1.2268 0.0026031 0.059721 3.9167 1.8093 5.5199 0.058678 0.35 0.65 0 0.91893 0.75 0.0041281 0.013191 0.036712  
9.7774 3.8105 0.80688 0.0083662 3.3976 0.051279 0.52168 0.88161 0.99238 0.2215 0.21 0.012 0.264 0.92004 0.78077 0.045099 0.038792 0.00058679 0.024995 0.010341 7.9908 1.2135 0.0026121 0.057671 3.9722 1.8052 5.4985 0.061002 0.35 0.65 0 0.93739 0.75 0.0042896 0.013796 0.032755  
10.2841 3.8798 0.7708 0.008413 3.4738 0.052467 0.52225 0.8409 1.0145 0.22413 0.21 0.012 0.264 0.90965 0.77437 0.043099 0.038787 0.00057812 0.025057 0.01035 8.003 1.2022 0.0026201 0.055681 4.0244 1.8014 5.4769 0.063268 0.35 0.65 0 0.95562 0.75 0.0044538 0.014405 0.029179  
10.8901 3.9579 0.72817 0.0084647 3.5609 0.053835 0.52398 0.79594 1.0418 0.2275 0.21 0.012 0.264 0.8999 0.76621 0.04077 0.03877 0.00056779 0.025122 0.01036 8.0164 1.1909 0.0026284 0.053361 4.0829 1.7972 5.4509 0.065908 0.35 0.65 0 0.97714 0.75 0.0046538 0.015143 0.025362  
11.4961 4.0314 0.68597 0.00851 3.6435 0.055138 0.5268 0.75483 1.07 0.23115 0.21 0.012 0.264 0.89269 0.75759 0.038497 0.03874 0.00055751 0.025178 0.010368 8.0287 1.1816 0.0026355 0.051091 4.137 1.7932 5.4247 0.068475 0.35 0.65 0 0.99832 0.75 0.0048575 0.01589 0.021999  
12.1021 4.1008 0.64418 0.0085476 3.7214 0.05637 0.53063 0.71732 1.0993 0.23514 0.21 0.012 0.264 0.88766 0.74862 0.036272 0.038701 0.00054727 0.025226 0.010376 8.0401 1.174 0.0026416 0.048864 4.187 1.7896 5.3983 0.070973 0.35 0.65 0 1.0191 0.75 0.0050648 0.016648 0.019043  
12.7081 4.1668 0.60285 0.0085767 3.7944 0.057523 0.53543 0.68309 1.1297 0.23951 0.21 0.012 0.264 0.88455 0.73935 0.034097 0.038653 0.00053706 0.025267 0.010382 8.0507 1.1679 0.0026468 0.046682 4.2331 1.7862 5.3718 0.073407 0.35 0.65 0 1.0396 0.75 0.0052755 0.017417 0.016449  
13.3141 4.23 0.56213 0.0085967 3.8622 0.05859 0.54112 0.65182 1.1611 0.24433 0.21 0.012 0.264 0.88308 0.72982 0.031979 0.038599 0.00052686 0.025301 0.010387 8.0608 1.1629 0.0026512 0.04455 4.2755 1.7831 5.3452 0.07578 0.35 0.65 0 1.0596 0.75 0.0054896 0.018197 0.014177  
13.9201 4.2911 0.52224 0.0086074 3.9248 0.059564 0.54765 0.62318 1.1935 0.24967 0.21 0.012 0.264 0.88307 0.72003 0.029926 0.03854 0.00051667 0.025331 0.010392 8.0703 1.1589 0.002655 0.04248 4.3143 1.7802 5.3185 0.078095 0.35 0.65 0 1.0793 0.75 0.0057068 0.018989 0.012191  
14.6285 4.3606 0.477 0.0086085 3.991 0.060576 0.55628 0.5926 1.2326 0.25668 0.21 0.012 0.264 0.88462 0.70825 0.027625 0.038468 0.00050473 0.02536 0.010396 8.0808 1.1553 0.0026588 0.040152 4.3553 1.7771 5.2872 0.080732 0.35 0.65 0 1.1017 0.75 0.0059645 0.019928 0.010189  
15.3368 4.4289 0.43367 0.0085985 4.0498 0.061444 0.56591 0.56468 1.2728 0.26464 0.21 0.012 0.264 0.88762 0.69607 0.025447 0.038397 0.00049274 0.025385 0.0104 8.0909 1.1525 0.0026621 0.037942 4.3921 1.7742 5.2558 0.083301 0.35 0.65 0 1.1236 0.75 0.006226 0.020883 0.0084879  
16.0451 4.4966 0.39266 0.0085791 4.1011 0.062163 0.57646 0.53896 1.3141 0.27366 0.21 0.012 0.264 0.89183 0.68346 0.023411 0.038328 0.00048067 0.025406 0.010403 8.1006 1.1505 0.0026649 0.035872 4.425 1.7715 5.2243 0.085804 0.35 0.65 0 1.1449 0.75 0.0064911 0.021852 0.007049  
16.7535 4.5643 0.35433 0.0085525 4.1452 0.062731 0.58785 0.51505 1.3562 0.28387 0.21 0.012 0.264 0.89702 0.67039 0.021533 0.038264 0.00046848 0.025425 0.010406 8.11 1.1491 0.0026674 0.033957 4.4541 1.7691 5.1928 0.088246 0.35 0.65 0 1.1655 0.75 0.0067594 0.022835 0.0058371  
17.4618 4.6324 0.31894 0.0085211 4.1823 0.063151 0.60001 0.49264 1.399 0.29538 0.21 0.012 0.264 0.903 0.65684 0.019822 0.038207 0.00045617 0.025443 0.01041 8.1191 1.1481 0.0026697 0.032208 4.48 1.7669 5.1612 0.090632 0.35 0.65 0 1.1855 0.75 0.0070306 0.023831 0.0048211  
18.1701 4.7011 0.28663 0.0084875 4.213 0.063429 0.61287 0.47146 1.4423 0.30827 0.21 0.012 0.264 0.90961 0.64285 0.018281 0.038157 0.0004437 0.02546 0.010413 8.128 1.1475 0.0026719 0.030632 4.5027 1.7649 5.1297 0.092963 0.35 0.65 0 1.2048 0.75 0.0073044 0.024838 0.0039736  
19.1213 4.7943 0.24813 0.0084429 4.2452 0.063597 0.63108 0.44467 1.5012 0.32786 0.21 0.012 0.264 0.91923 0.62345 0.016476 0.038101 0.00042673 0.025483 0.010418 8.1396 1.1473 0.0026746 0.028782 4.529 1.7624 5.0872 0.096016 0.35 0.65 0 1.2298 0.75 0.0076751 0.026208 0.003058  
20.0725 4.8882 0.21496 0.0084024 4.2686 0.063562 0.65022 0.41951 1.5605 0.35016 0.21 0.012 0.264 0.92945 0.60357 0.014953 0.038059 0.00040948 0.025504 0.010423 8.151 1.1474 0.0026772 0.027222 4.551 1.7602 5.0449 0.098983 0.35 0.65 0 1.2535 0.75 0.0080482 0.027593 0.0023505  
21.0236 4.9824 0.18663 0.0083677 4.285 0.063359 0.6701 0.39588 1.62 0.37524 0.21 0.012 0.264 0.94006 0.58347 0.013681 0.038028 0.00039198 0.025526 0.010428 8.1622 1.148 0.0026797 0.025918 4.5692 1.7583 5.0025 0.10187 0.35 0.65 0 1.276 0.75 0.0084222 0.028991 0.0018076  
21.9748 5.0761 0.16253 0.0083397 4.296 0.063026 0.69054 0.37373 1.6798 0.40314 0.21 0.012 0.264 0.95095 0.5634 0.012622 0.038006 0.00037426 0.025546 0.010434 8.1733 1.1488 0.0026821 0.024834 4.5842 1.7566 4.9603 0.10469 0.35 0.65 0 1.2972 0.75 0.0087954 0.030395 0.0013929  
22.926 5.1688 0.14205 0.0083171 4.3031 0.062594 0.71141 0.35305 1.7395 0.43389 0.21 0.012 0.264 0.96203 0.54361 0.011742 0.037992 0.00035635 0.025565 0.010439 8.1842 1.1498 0.0026843 0.023935 4.5964 1.7551 4.9182 0.10744 0.35 0.65 0 1.3171 0.75 0.0091656 0.031802 0.0010768  
23.8771 5.26 0.12464 0.0082995 4.3071 0.062088 0.73259 0.33386 1.7992 0.46747 0.21 0.012 0.264 0.97326 0.52429 0.011011 0.037982 0.00033827 0.025583 0.010443 8.195 1.1509 0.0026864 0.023189 4.6063 1.7538 4.8763 0.11012 0.35 0.65 0 1.3358 0.75 0.0095305 0.033204 0.00083615  
24.8283 5.3494 0.1098 0.0082858 4.309 0.061528 0.75399 0.31612 1.8588 0.50383 0.21 0.012 0.264 0.98464 0.50559 0.010402 0.037976 0.00032006 0.025599 0.010448 8.2058 1.1522 0.0026883 0.022569 4.614 1.7526 4.8346 0.11274 0.35 0.65 0 1.3531 0.75 0.0098876 0.034594 0.0006527  
25.8606 5.444 0.09615 0.0082741 4.3093 0.060876 0.77737 0.29847 1.9234 0.54633 0.21 0.012 0.264 0.99714 0.48612 0.0098542 0.037972 0.00030018 0.025615 0.010452 8.2174 1.1536 0.0026903 0.022011 4.6202 1.7515 4.7897 0.11552 0.35 0.65 0 1.3704 0.75 0.010263 0.036079 0.00050226  
26.1703 5.4719 0.092488 0.0082711 4.3091 0.060673 0.78441 0.29349 1.9427 0.55968 0.21 0.012 0.264 1.0009 0.48046 0.0097093 0.037971 0.00029419 0.02562 0.010453 8.2209 1.1541 0.0026908 0.021864 4.6218 1.7512 4.7763 0.11634 0.35 0.65 0 1.3753 0.75 0.010373 0.036518 0.00046505  
26.48 5.4996 0.089005 0.0082686 4.3088 0.060467 0.79146 0.28865 1.962 0.57329 0.21 0.012 0.264 1.0047 0.47488 0.0095724 0.037971 0.00028819 0.025624 0.010454 8.2244 1.1545 0.0026913 0.021725 4.6231 1.751 4.7629 0.11716 0.35 0.65 0 1.38 0.75 0.010481 0.036954 0.00043091  
26.6931 5.5185 0.086708 0.0082668 4.3085 0.060324 0.79632 0.2854 1.9753 0.5828 0.21 0.012 0.264 1.0074 0.47109 0.0094827 0.037971 0.00028406 0.025627 0.010455 8.2268 1.1549 0.0026917 0.021634 4.6239 1.7508 4.7537 0.11772 0.35 0.65 0 1.3832 0.75 0.010554 0.037252 0.00040906  
26.7606 5.5245 0.086016 0.0082614 4.3084 0.060279 0.79786 0.28438 1.9795 0.58563 0.21 0.012 0.264 1.0082 0.4699 0.0094553 0.037971 0.00028277 0.025628 0.010455 8.2275 1.155 0.0026918 0.021606 4.6242 1.7507 4.7508 0.11789 0.35 0.65 0 1.3842 0.75 0.010577 0.037346 0.0004024  
26.8282 5.5304 0.085392 0.0082481 4.3083 0.060234 0.7994 0.28338 1.9837 0.58805 0.21 0.012 0.264 1.009 0.46874 0.0094298 0.03797 0.0002815 0.025629 0.010455 8.2283 1.1551 0.0026919 0.021579 4.6244 1.7507 4.7479 0.11807 0.35 0.65 0 1.3852 0.75 0.0106 0.037439 0.00039587  
26.8957 5.5363 0.08487 0.008232 4.308 0.060188 0.80094 0.28238 1.9879 0.59004 0.21 0.012 0.264 1.0099 0.46762 0.0094069 0.037971 0.00028025 0.025629 0.010456 8.229 1.1551 0.002692 0.021554 4.6247 1.7506 4.745 0.11824 0.35 0.65 0 1.3862 0.75 0.010623 0.037533 0.00038948  
26.9632 5.5421 0.084448 0.0082191 4.3077 0.060142 0.80247 0.2814 1.9921 0.59166 0.21 0.012 0.264 1.0107 0.46656 0.009387 0.037971 0.00027904 0.02563 0.010456 8.2298 1.1552 0.0026921 0.02153 4.6249 1.7506 4.7421 0.11842 0.35 0.65 0 1.3872 0.75 0.010646 0.037626 0.00038324  
27.0307 5.5477 0.084107 0.0082084 4.3072 0.060096 0.80401 0.28045 1.9963 0.59296 0.21 0.012 0.264 1.0115 0.46556 0.0093701 0.037971 0.00027784 0.02563 0.010456 8.2305 1.1553 0.0026922 0.02151 4.6251 1.7505 4.7392 0.11859 0.35 0.65 0 1.3881 0.75 0.010669 0.037719 0.00037716  
27.0983 5.5533 0.083833 0.0081974 4.3068 0.060049 0.80555 0.27953 2.0005 0.59397 0.21 0.012 0.264 1.0124 0.46461 0.0093558 0.037971 0.00027667 0.025631 0.010456 8.2313 1.1554 0.0026923 0.021492 4.6254 1.7505 4.7363 0.11877 0.35 0.65 0 1.3891 0.75 0.010691 0.037812 0.00037125  
27.178 5.5597 0.083595 0.0081848 4.3062 0.059994 0.80736 0.27848 2.0054 0.59479 0.21 0.012 0.264 1.0134 0.46357 0.0093422 0.037971 0.00027532 0.025631 0.010456 8.2322 1.1556 0.0026923 0.021474 4.6256 1.7504 4.7329 0.11898 0.35 0.65 0 1.3902 0.75 0.010718 0.037922 0.0003645  
27.2577 5.5659 0.083445 0.0081736 4.3056 0.05994 0.80916 0.27748 2.0104 0.59524 0.21 0.012 0.264 1.0144 0.46262 0.0093322 0.037971 0.000274 0.025631 0.010456 8.2331 1.1557 0.0026924 0.02146 4.6259 1.7503 4.7295 0.11918 0.35 0.65 0 1.3914 0.75 0.010744 0.038031 0.00035799  
27.3374 5.5719 0.083375 0.0081635 4.305 0.059885 0.81096 0.27653 2.0153 0.59536 0.21 0.012 0.264 1.0154 0.46175 0.0093254 0.037971 0.00027271 0.025631 0.010456 8.234 1.1558 0.0026925 0.021449 4.6262 1.7503 4.7261 0.11939 0.35 0.65 0 1.3925 0.75 0.010771 0.03814 0.00035174  
27.4171 5.5778 0.083376 0.008154 4.3043 0.059831 0.81275 0.27565 2.0202 0.59516 0.21 0.012 0.264 1.0165 0.46097 0.0093216 0.037971 0.00027144 0.025631 0.010456 8.2349 1.1559 0.0026925 0.021442 4.6265 1.7502 4.7227 0.11959 0.35 0.65 0 1.3936 0.75 0.010797 0.038248 0.00034574  
27.4968 5.5834 0.083443 0.0081449 4.3037 0.059779 0.81453 0.27482 2.0251 0.59467 0.21 0.012 0.264 1.0175 0.46027 0.0093206 0.037971 0.00027021 0.025631 0.010456 8.2358 1.156 0.0026925 0.021438 4.6267 1.7502 4.7193 0.1198 0.35 0.65 0 1.3947 0.75 0.010823 0.038356 0.00034  
27.6623 5.5943 0.083774 0.0081277 4.3024 0.059672 0.8182 0.27331 2.0352 0.59281 0.21 0.012 0.264 1.0198 0.45909 0.0093267 0.037971 0.00026773 0.02563 0.010455 8.2376 1.1563 0.0026926 0.021437 4.6273 1.75 4.7122 0.12022 0.35 0.65 0 1.3969 0.75 0.010877 0.03858 0.00032891  
27.8279 5.6043 0.084337 0.0081117 4.3011 0.059572 0.82182 0.27206 2.0453 0.58996 0.21 0.012 0.264 1.0221 0.45826 0.0093425 0.037969 0.00026537 0.025628 0.010454 8.2395 1.1565 0.0026925 0.021448 4.6279 1.7499 4.7052 0.12064 0.35 0.65 0 1.3991 0.75 0.01093 0.038802 0.00031895  
27.9934 5.6134 0.085105 0.0080966 4.2999 0.059478 0.82539 0.2711 2.0554 0.58626 0.21 0.012 0.264 1.0245 0.45776 0.0093669 0.037967 0.00026311 0.025626 0.010453 8.2413 1.1567 0.0026924 0.021467 4.6286 1.7498 4.6981 0.12106 0.35 0.65 0 1.4013 0.75 0.010982 0.039022 0.00031012  
28.1589 5.6216 0.086062 0.008082 4.2988 0.059391 0.8289 0.27041 2.0654 0.58182 0.21 0.012 0.264 1.0269 0.45759 0.009399 0.037964 0.00026094 0.025623 0.010452 8.2432 1.1569 0.0026923 0.021495 4.6293 1.7497 4.6911 0.12148 0.35 0.65 0 1.4034 0.75 0.011034 0.039241 0.0003024  
28.3245 5.6289 0.087193 0.0080677 4.2979 0.059311 0.83236 0.26999 2.0754 0.57673 0.21 0.012 0.264 1.0295 0.45772 0.0094381 0.037961 0.00025886 0.025619 0.010451 8.245 1.1571 0.002692 0.021529 4.63 1.7496 4.6841 0.1219 0.35 0.65 0 1.4055 0.75 0.011086 0.039459 0.00029579  
28.608 5.6395 0.08951 0.0080434 4.2964 0.059189 0.83814 0.26984 2.0923 0.56676 0.21 0.012 0.264 1.0341 0.4586 0.0095204 0.037953 0.00025548 0.02561 0.010447 8.2482 1.1575 0.0026915 0.021604 4.6314 1.7494 4.6721 0.12261 0.35 0.65 0 1.4089 0.75 0.011172 0.039827 0.00028699  
28.8915 5.6479 0.09228 0.0080186 4.2951 0.059086 0.84375 0.27038 2.109 0.55551 0.21 0.012 0.264 1.039 0.46025 0.0096209 0.037944 0.00025232 0.0256 0.010444 8.2514 1.1578 0.0026908 0.021697 4.633 1.7493 4.6602 0.12332 0.35 0.65 0 1.4123 0.75 0.011256 0.04019 0.00028135  
29.175 5.6542 0.09549 0.007993 4.294 0.058998 0.84921 0.27155 2.1255 0.54325 0.21 0.012 0.264 1.0442 0.46258 0.0097389 0.037933 0.00024935 0.025589 0.010439 8.2546 1.1581 0.00269 0.021807 4.6347 1.7491 4.6483 0.12402 0.35 0.65 0 1.4156 0.75 0.011339 0.040548 0.00027883  
29.4585 5.6587 0.099141 0.0079664 4.2929 0.058924 0.85453 0.27329 2.1418 0.53023 0.21 0.012 0.264 1.0497 0.46553 0.0098747 0.037921 0.00024655 0.025575 0.010434 8.2579 1.1584 0.0026891 0.021934 4.6367 1.749 4.6364 0.12472 0.35 0.65 0 1.4187 0.75 0.011419 0.0409 0.00027946  
29.742 5.6615 0.10324 0.0079385 4.2917 0.05886 0.85972 0.27557 2.1579 0.51662 0.21 0.012 0.264 1.0554 0.46904 0.010029 0.037907 0.00024391 0.025561 0.010429 8.2611 1.1586 0.002688 0.022079 4.639 1.7489 4.6246 0.12542 0.35 0.65 0 1.4218 0.75 0.011498 0.041246 0.00028328  
30.1715 5.6627 0.11035 0.0078936 4.2897 0.058779 0.86738 0.27995 2.1817 0.49525 0.21 0.012 0.264 1.0648 0.47532 0.010299 0.037886 0.00024016 0.025537 0.01042 8.266 1.1589 0.0026862 0.022335 4.6429 1.7487 4.6067 0.12646 0.35 0.65 0 1.4262 0.75 0.011612 0.041759 0.00029543  
30.6009 5.6608 0.11862 0.0078453 4.2872 0.058709 0.87483 0.28536 2.205 0.4734 0.21 0.012 0.264 1.0747 0.4826 0.010618 0.037865 0.00023669 0.02551 0.01041 8.271 1.1591 0.0026843 0.022638 4.6477 1.7485 4.589 0.1275 0.35 0.65 0 1.4305 0.75 0.011722 0.042256 0.00031579  
31.0304 5.656 0.12814 0.0077933 4.2838 0.058644 0.88211 0.29172 2.2277 0.45146 0.21 0.012 0.264 1.0853 0.49078 0.010991 0.037843 0.00023347 0.025482 0.010399 8.276 1.1592 0.0026822 0.022994 4.6533 1.7484 4.5713 0.12852 0.35 0.65 0 1.4345 0.75 0.011827 0.042739 0.00034536  
31.4598 5.6485 0.13905 0.0077373 4.2793 0.058577 0.88925 0.29898 2.2497 0.42978 0.21 0.012 0.264 1.0964 0.49973 0.011425 0.037822 0.00023047 0.025452 0.010387 8.281 1.1593 0.0026799 0.023409 4.6599 1.7483 4.5536 0.12954 0.35 0.65 0 1.4383 0.75 0.011926 0.043206 0.00038551  
31.8893 5.6385 0.15149 0.0076778 4.2736 0.058502 0.89629 0.30709 2.271 0.40864 0.21 0.012 0.264 1.1081 0.50936 0.011927 0.037803 0.00022767 0.025421 0.010375 8.286 1.1593 0.0026775 0.023891 4.6676 1.7482 4.5361 0.13054 0.35 0.65 0 1.4419 0.75 0.012021 0.043657 0.00043813  
32.5143 5.6199 0.17259 0.0075848 4.2627 0.058369 0.90639 0.32036 2.3007 0.37931 0.21 0.012 0.264 1.126 0.52439 0.012798 0.037778 0.00022393 0.025373 0.010357 8.2934 1.1591 0.0026739 0.02473 4.6811 1.7481 4.5107 0.13199 0.35 0.65 0 1.4469 0.75 0.012151 0.044283 0.00054233  
33.1393 5.5969 0.19763 0.0074851 4.2482 0.058196 0.91639 0.33528 2.3286 0.35222 0.21 0.012 0.264 1.1449 0.54035 0.013856 0.03776 0.00022057 0.025322 0.010338 8.3008 1.1588 0.0026701 0.025753 4.6977 1.7481 4.4853 0.13341 0.35 0.65 0 1.4515 0.75 0.012271 0.044874 0.00068815  
33.7643 5.5699 0.22693 0.0073812 4.2296 0.05797 0.92633 0.35173 2.3547 0.32775 0.21 0.012 0.264 1.1646 0.55692 0.015125 0.03775 0.00021754 0.02527 0.010318 8.3083 1.1584 0.0026661 0.026986 4.718 1.7482 4.4601 0.13482 0.35 0.65 0 1.4559 0.75 0.012382 0.04543 0.00088858  
34.3893 5.5395 0.26071 0.0072757 4.2067 0.057682 0.93626 0.36956 2.3788 0.30608 0.21 0.012 0.264 1.1849 0.57374 0.016627 0.03775 0.00021484 0.025216 0.010297 8.3158 1.1578 0.002662 0.02845 4.7425 1.7483 4.4348 0.1362 0.35 0.65 0 1.4601 0.75 0.012486 0.045953 0.00116  
35.0143 5.5063 0.29901 0.0071718 4.1794 0.057327 0.94623 0.38857 2.4008 0.28721 0.21 0.012 0.264 1.2059 0.59047 0.018372 0.03776 0.00021246 0.025162 0.010276 8.3233 1.1571 0.0026579 0.030158 4.7716 1.7485 4.4096 0.13756 0.35 0.65 0 1.4641 0.75 0.012583 0.046443 0.0015218  
35.6431 5.4708 0.3419 0.0070728 4.1478 0.056903 0.9563 0.40864 2.4206 0.27092 0.21 0.012 0.264 1.2273 0.60688 0.020376 0.037783 0.00021036 0.025107 0.010254 8.3309 1.1563 0.0026537 0.032127 4.806 1.7488 4.3841 0.1389 0.35 0.65 0 1.468 0.75 0.012675 0.046906 0.0019985  
36.2719 5.4338 0.38881 0.0069808 4.1123 0.056414 0.96642 0.42939 2.4381 0.2571 0.21 0.012 0.264 1.2489 0.6226 0.022621 0.037818 0.00020855 0.025053 0.010233 8.3385 1.1555 0.0026496 0.034341 4.8458 1.7491 4.3585 0.14023 0.35 0.65 0 1.472 0.75 0.012764 0.047343 0.0026101  
36.9007 5.3961 0.43921 0.0068979 4.0735 0.055869 0.97655 0.45056 2.4531 0.24549 0.21 0.012 0.264 1.2705 0.6374 0.025088 0.037865 0.000207 0.025 0.010212 8.3461 1.1545 0.0026456 0.03678 4.8912 1.7496 4.3327 0.14152 0.35 0.65 0 1.4759 0.75 0.012852 0.047758 0.003377  
37.5295 5.3582 0.49248 0.0068259 4.0323 0.055281 0.98665 0.47185 2.4658 0.23578 0.21 0.012 0.264 1.292 0.65112 0.02775 0.037924 0.0002057 0.024949 0.010192 8.3537 1.1535 0.0026418 0.03942 4.9423 1.7501 4.3066 0.14279 0.35 0.65 0 1.48 0.75 0.01294 0.048155 0.0043143  
38.1583 5.3206 0.54793 0.0067647 3.9896 0.054662 0.99665 0.49303 2.4762 0.22766 0.21 0.012 0.264 1.3131 0.66371 0.030577 0.037993 0.0002046 0.024901 0.010173 8.3613 1.1525 0.0026382 0.042231 4.9987 1.7508 4.2803 0.14404 0.35 0.65 0 1.4842 0.75 0.01303 0.048539 0.0054299  
38.7871 5.2838 0.60492 0.0067126 3.9463 0.05403 1.0065 0.51389 2.4844 0.22087 0.21 0.012 0.264 1.3339 0.67516 0.033539 0.038072 0.00020369 0.024855 0.010154 8.3689 1.1515 0.0026348 0.045183 5.0601 1.7515 4.2536 0.14525 0.35 0.65 0 1.4886 0.75 0.013124 0.048917 0.0067218  
39.4813 5.2441 0.66903 0.0066642 3.8989 0.053333 1.017 0.53634 2.4911 0.21462 0.21 0.012 0.264 1.356 0.68655 0.036932 0.03817 0.00020285 0.024808 0.010135 8.3772 1.1503 0.0026314 0.048569 5.1331 1.7525 4.2237 0.14656 0.35 0.65 0 1.4937 0.75 0.013233 0.049331 0.0083369  
40.1756 5.2059 0.7339 0.0066225 3.8528 0.052653 1.027 0.55802 2.4955 0.20939 0.21 0.012 0.264 1.3774 0.69675 0.040427 0.038277 0.00020214 0.024764 0.010117 8.3854 1.1492 0.0026282 0.05206 5.2106 1.7537 4.1933 0.14782 0.35 0.65 0 1.4991 0.75 0.013349 0.049751 0.010118  
40.8698 5.169 0.79936 0.0065832 3.809 0.052005 1.0365 0.57886 2.4981 0.20493 0.21 0.012 0.264 1.3978 0.70594 0.044013 0.038392 0.00020148 0.024724 0.0101 8.3937 1.1481 0.0026253 0.055642 5.2913 1.755 4.1624 0.14905 0.35 0.65 0 1.5047 0.75 0.013472 0.05018 0.012019  
41.564 5.1336 0.86556 0.0065424 3.7678 0.051396 1.0453 0.59882 2.499 0.20103 0.21 0.012 0.264 1.4172 0.71432 0.047694 0.038516 0.00020084 0.024686 0.010084 8.4018 1.147 0.0026226 0.059317 5.3741 1.7565 4.1311 0.15023 0.35 0.65 0 1.5106 0.75 0.013603 0.050624 0.013981  
42.2582 5.0993 0.93301 0.0064963 3.7296 0.050831 1.0533 0.61795 2.4985 0.19752 0.21 0.012 0.264 1.4355 0.72206 0.051496 0.038649 0.00020016 0.02465 0.010069 8.4099 1.146 0.0026202 0.063105 5.4575 1.7582 4.0993 0.15137 0.35 0.65 0 1.5166 0.75 0.013741 0.051085 0.015941  
42.9524 5.0659 1.0025 0.0064412 3.6944 0.050307 1.0606 0.63635 2.4968 0.19424 0.21 0.012 0.264 1.4527 0.72936 0.055462 0.038793 0.00019939 0.024617 0.010055 8.418 1.1451 0.0026179 0.067048 5.5402 1.76 4.0672 0.15246 0.35 0.65 0 1.5228 0.75 0.013884 0.051566 0.017837  
43.6694 5.032 1.0777 0.0063716 3.6608 0.049805 1.0673 0.65474 2.494 0.19098 0.21 0.012 0.264 1.4693 0.73661 0.0598 0.038956 0.00019847 0.024583 0.010041 8.4262 1.1442 0.0026155 0.071346 5.6235 1.762 4.0337 0.15353 0.35 0.65 0 1.5293 0.75 0.014037 0.052081 0.019666  
44.3864 4.9983 1.1579 0.0062869 3.6295 0.049332 1.0731 0.67272 2.4902 0.18774 0.21 0.012 0.264 1.4847 0.74369 0.06447 0.039136 0.00019739 0.02455 0.010027 8.4344 1.1433 0.0026132 0.075956 5.7034 1.7642 3.9999 0.15455 0.35 0.65 0 1.5357 0.75 0.014191 0.052614 0.021311  
45.1033 4.9641 1.2446 0.0061856 3.5998 0.048875 1.0782 0.69051 2.4855 0.18447 0.21 0.012 0.264 1.4989 0.75073 0.069577 0.039338 0.00019613 0.024516 0.010012 8.4426 1.1425 0.0026109 0.08098 5.7787 1.7666 3.966 0.15551 0.35 0.65 0 1.5421 0.75 0.014346 0.053162 0.022736  
45.8203 4.9288 1.3397 0.006068 3.5709 0.048421 1.0825 0.70836 2.4797 0.18113 0.21 0.012 0.264 1.512 0.7578 0.075238 0.039566 0.0001947 0.024481 0.009998 8.4507 1.1417 0.0026084 0.086528 5.8486 1.7691 3.9319 0.15641 0.35 0.65 0 1.5484 0.75 0.0145 0.053719 0.023923  
46.5373 4.892 1.4448 0.0059359 3.5418 0.047952 1.0861 0.72652 2.4727 0.1777 0.21 0.012 0.264 1.524 0.76492 0.081572 0.039825 0.00019312 0.024444 0.009983 8.4587 1.141 0.0026059 0.092715 5.9127 1.7717 3.8977 0.15726 0.35 0.65 0 1.5544 0.75 0.01465 0.054281 0.02488  
47.2542 4.8528 1.5616 0.0057925 3.5116 0.047454 1.089 0.74521 2.4642 0.17422 0.21 0.012 0.264 1.5349 0.77207 0.088693 0.040119 0.00019143 0.024406 0.0099673 8.4667 1.1402 0.0026031 0.099652 5.9707 1.7745 3.8636 0.15805 0.35 0.65 0 1.5603 0.75 0.014795 0.054843 0.025638  
48.177 4.7984 1.7307 0.0055993 3.4701 0.046752 1.0919 0.77032 2.4508 0.16975 0.21 0.012 0.264 1.5471 0.78123 0.099173 0.040556 0.00018919 0.024352 0.0099458 8.477 1.1392 0.0025992 0.10984 6.037 1.7781 3.8196 0.159 0.35 0.65 0 1.5675 0.75 0.014974 0.055556 0.026414  
49.0998 4.7387 1.922 0.0054075 3.4249 0.04597 1.0938 0.79681 2.4337 0.16543 0.21 0.012 0.264 1.5574 0.79017 0.11127 0.041063 0.00018698 0.024295 0.0099229 8.4873 1.1382 0.002595 0.12156 6.095 1.782 3.7758 0.15987 0.35 0.65 0 1.5742 0.75 0.01514 0.056249 0.027113  
49.8565 4.6856 2.0952 0.0052594 3.3853 0.045274 1.0945 0.81954 2.4167 0.16211 0.21 0.012 0.264 1.5643 0.7972 0.12244 0.041533 0.00018529 0.024246 0.0099032 8.4957 1.1373 0.0025913 0.13238 6.1373 1.7852 3.74 0.16053 0.35 0.65 0 1.5794 0.75 0.015266 0.056796 0.027749  
50.6133 4.6288 2.282 0.0051251 3.3441 0.044543 1.0944 0.84302 2.3968 0.15906 0.21 0.012 0.264 1.5696 0.80386 0.13472 0.04205 0.00018374 0.024194 0.0098828 8.5041 1.1363 0.0025874 0.14424 6.176 1.7884 3.7042 0.16115 0.35 0.65 0 1.5844 0.75 0.015382 0.057319 0.028531  
51.37 4.5688 2.4805 0.0050077 3.3023 0.043794 1.0934 0.86704 2.3739 0.15635 0.21 0.012 0.264 1.5733 0.8101 0.14804 0.042612 0.00018238 0.024142 0.0098619 8.5125 1.1353 0.0025834 0.15711 6.2117 1.7918 3.6686 0.16173 0.35 0.65 0 1.589 0.75 0.015487 0.057814 0.029516  
52.1267 4.5061 2.6888 0.0049086 3.2611 0.043049 1.0912 0.8913 2.3481 0.154 0.21 0.012 0.264 1.5752 0.81591 0.16233 0.043215 0.00018121 0.024089 0.0098407 8.5208 1.1342 0.0025794 0.17088 6.2451 1.7952 3.6331 0.16228 0.35 0.65 0 1.5934 0.75 0.015582 0.058278 0.030737  
52.8835 4.4413 2.9047 0.0048278 3.2217 0.042325 1.0878 0.91549 2.3197 0.15199 0.21 0.012 0.264 1.5751 0.82131 0.17748 0.043854 0.00018023 0.024035 0.0098195 8.5292 1.1331 0.0025754 0.18547 6.2766 1.7986 3.5977 0.16279 0.35 0.65 0 1.5975 0.75 0.015665 0.058707 0.032201  
53.7888 4.3621 3.1698 0.0047537 3.178 0.041509 1.0818 0.94392 2.2825 0.15004 0.21 0.012 0.264 1.5723 0.8273 0.19657 0.04466 0.00017929 0.023972 0.0097941 8.5392 1.1317 0.0025705 0.20381 6.3124 1.8027 3.5556 0.16337 0.35 0.65 0 1.6021 0.75 0.015749 0.059173 0.034258  
54.6941 4.2822 3.4389 0.0047013 3.1394 0.040766 1.0736 0.97133 2.2426 0.14851 0.21 0.012 0.264 1.5664 0.83286 0.21654 0.045502 0.00017857 0.023909 0.0097692 8.5491 1.1302 0.0025658 0.22296 6.3466 1.8069 3.5138 0.1639 0.35 0.65 0 1.6064 0.75 0.015818 0.059585 0.036604  
55.5994 4.2028 3.7088 0.0046675 3.1063 0.040106 1.0633 0.99737 2.2006 0.14736 0.21 0.012 0.264 1.5574 0.83811 0.2372 0.046375 0.00017805 0.023849 0.0097449 8.559 1.1287 0.0025613 0.24272 6.3795 1.8112 3.4722 0.16439 0.35 0.65 0 1.6103 0.75 0.01587 0.05994 0.039181  
56.5048 4.1248 3.977 0.0046493 3.0791 0.039532 1.0507 1.0218 2.157 0.14652 0.21 0.012 0.264 1.5452 0.84312 0.25841 0.047271 0.00017769 0.023791 0.0097214 8.5689 1.1273 0.002557 0.26295 6.4113 1.8155 3.4309 0.16484 0.35 0.65 0 1.614 0.75 0.015908 0.060239 0.041931  
57.4101 4.049 4.2414 0.0046443 3.0577 0.039041 1.0362 1.0443 2.1123 0.14595 0.21 0.012 0.264 1.53 0.84795 0.28002 0.048186 0.00017748 0.023736 0.0096991 8.5787 1.1258 0.0025529 0.28351 6.4422 1.8198 3.3898 0.16525 0.35 0.65 0 1.6174 0.75 0.015931 0.060482 0.044798  
58.3154 3.9762 4.5001 0.0046501 3.042 0.038631 1.0197 1.0649 2.0669 0.1456 0.21 0.012 0.264 1.5118 0.85264 0.30193 0.049116 0.00017739 0.023685 0.009678 8.5884 1.1244 0.0025491 0.30429 6.4724 1.8241 3.3491 0.16563 0.35 0.65 0 1.6206 0.75 0.015939 0.06067 0.047731  
59.6598 3.8744 4.8713 0.004675 3.0284 0.038158 0.99232 1.0916 1.999 0.1454 0.21 0.012 0.264 1.48 0.85945 0.33479 0.050518 0.00017746 0.023616 0.0096494 8.6027 1.1224 0.0025441 0.33533 6.5162 1.8306 3.2893 0.16612 0.35 0.65 0 1.6248 0.75 0.015928 0.06085 0.052099  
61.0041 3.7811 5.2243 0.0047148 3.0253 0.037831 0.96197 1.1139 1.9313 0.14551 0.21 0.012 0.264 1.4432 0.86608 0.36782 0.051938 0.00017771 0.023557 0.0096244 8.6169 1.1206 0.0025399 0.36641 6.559 1.8371 3.2302 0.16653 0.35 0.65 0 1.6287 0.75 0.015891 0.060918 0.056367  
62.3484 3.6966 5.5573 0.0047663 3.0313 0.03763 0.92948 1.1317 1.8643 0.14583 0.21 0.012 0.264 1.4024 0.87255 0.40083 0.053372 0.00017814 0.023509 0.0096034 8.6308 1.119 0.0025367 0.39731 6.6009 1.8437 3.172 0.16688 0.35 0.65 0 1.6321 0.75 0.01583 0.060882 0.060433  
63.6927 3.6209 5.8695 0.0048266 3.0451 0.037536 0.89558 1.1453 1.7983 0.14633 0.21 0.012 0.264 1.3588 0.87884 0.43368 0.054815 0.0001787 0.023472 0.0095865 8.6444 1.1177 0.0025343 0.42792 6.6421 1.8503 3.1146 0.16714 0.35 0.65 0 1.6352 0.75 0.015748 0.06075 0.064222  
65.0371 3.5537 6.1609 0.0048935 3.0655 0.037537 0.86092 1.1551 1.7337 0.14695 0.21 0.012 0.264 1.3135 0.88492 0.46625 0.056265 0.00017938 0.023445 0.0095739 8.6579 1.1167 0.0025329 0.45813 6.6827 1.8569 3.0581 0.16734 0.35 0.65 0 1.638 0.75 0.015648 0.060533 0.067679  
66.3814 3.4945 6.4316 0.0049654 3.0914 0.037618 0.82609 1.1613 1.6706 0.14765 0.21 0.012 0.264 1.2675 0.89074 0.49846 0.057719 0.00018016 0.02343 0.0095653 8.6711 1.1161 0.0025324 0.48787 6.7227 1.8636 3.0024 0.16747 0.35 0.65 0 1.6405 0.75 0.015532 0.060239 0.070769  
68.443 3.4174 6.8083 0.0050822 3.1395 0.037872 0.77348 1.1646 1.5772 0.14884 0.21 0.012 0.264 1.1974 0.89911 0.54703 0.059952 0.0001815 0.023425 0.0095596 8.6908 1.1158 0.0025332 0.53245 6.7832 1.8738 2.919 0.16753 0.35 0.65 0 1.6439 0.75 0.015327 0.059659 0.074763  
70.5046 3.3546 7.1414 0.0052036 3.1948 0.038253 0.72307 1.1618 1.4885 0.1501 0.21 0.012 0.264 1.1302 0.90666 0.59449 0.062181 0.00018298 0.02344 0.0095616 8.7101 1.1164 0.0025357 0.57571 6.8424 1.8839 2.8378 0.16743 0.35 0.65 0 1.6469 0.75 0.015098 0.058948 0.077865  
72.5661 3.3033 7.4347 0.0053266 3.2547 0.03873 0.67586 1.1541 1.4049 0.15138 0.21 0.012 0.264 1.0674 0.91332 0.64077 0.064395 0.00018453 0.02347 0.0095696 8.7289 1.1178 0.0025393 0.61759 6.9004 1.8941 2.7589 0.16717 0.35 0.65 0 1.6495 0.75 0.014849 0.058135 0.080134  
74.6277 3.261 7.692 0.0054488 3.3169 0.039278 0.63251 1.1427 1.3271 0.15264 0.21 0.012 0.264 1.0101 0.91902 0.68581 0.066583 0.00018612 0.02351 0.0095818 8.7473 1.1198 0.0025438 0.65807 6.9571 1.9042 2.6823 0.16676 0.35 0.65 0 1.6518 0.75 0.014587 0.057243 0.081659  
76.6893 3.2258 7.9167 0.0055681 3.3797 0.039874 0.59333 1.1286 1.2554 0.15386 0.21 0.012 0.264 0.95881 0.92375 0.72958 0.068732 0.00018769 0.023556 0.0095966 8.7654 1.1224 0.0025488 0.69716 7.0125 1.9142 2.6081 0.16621 0.35 0.65 0 1.6539 0.75 0.014316 0.056292 0.082544  
78.7509 3.1959 8.112 0.005683 3.4416 0.0405 0.55846 1.1127 1.1904 0.15502 0.21 0.012 0.264 0.91348 0.92754 0.77206 0.070833 0.00018921 0.023604 0.0096124 8.7833 1.1253 0.0025538 0.73485 7.0665 1.9241 2.5363 0.1655 0.35 0.65 0 1.6558 0.75 0.014038 0.055298 0.082894  
81.0965 3.1668 8.302 0.0058068 3.5096 0.041229 0.52392 1.0934 1.1247 0.15625 0.21 0.012 0.264 0.86892 0.93075 0.81879 0.073151 0.00019084 0.023657 0.0096301 8.8034 1.1289 0.0025594 0.77607 7.1262 1.9352 2.4574 0.16453 0.35 0.65 0 1.6577 0.75 0.013719 0.054134 0.08277  
83.4422 3.1415 8.4615 0.0059219 3.5741 0.041958 0.4946 1.0735 1.0678 0.15737 0.21 0.012 0.264 0.83132 0.9329 0.86381 0.075382 0.00019234 0.023705 0.0096461 8.8235 1.1326 0.0025645 0.81552 7.1839 1.9462 2.3817 0.16338 0.35 0.65 0 1.6595 0.75 0.0134 0.05295 0.082221  
85.7878 3.1192 8.5937 0.0060274 3.6343 0.042674 0.4701 1.0537 1.0197 0.15838 0.21 0.012 0.264 0.80001 0.93412 0.90707 0.077515 0.00019369 0.023746 0.0096597 8.8436 1.1362 0.0025689 0.85324 7.2396 1.9569 2.3089 0.16205 0.35 0.65 0 1.6611 0.75 0.013084 0.051762 0.081362  
88.1335 3.0993 8.7015 0.0061226 3.6899 0.043364 0.44999 1.0345 0.97977 0.15928 0.21 0.012 0.264 0.77431 0.93455 0.94857 0.079546 0.00019489 0.023779 0.0096704 8.8637 1.1397 0.0025727 0.88923 7.2934 1.9673 2.2391 0.16054 0.35 0.65 0 1.6626 0.75 0.012771 0.050578 0.080288  
90.4791 3.0815 8.7878 0.0062073 3.7404 0.044019 0.43376 1.0162 0.94758 0.16007 0.21 0.012 0.264 0.75353 0.93434 0.98827 0.08147 0.00019592 0.023804 0.009678 8.8839 1.143 0.0025757 0.92353 7.3452 1.9774 2.1724 0.15888 0.35 0.65 0 1.6641 0.75 0.012466 0.049408 0.079073  
92.8248 3.0656 8.8551 0.0062814 3.7859 0.044632 0.42095 0.99907 0.92237 0.16075 0.21 0.012 0.264 0.73701 0.93363 1.0262 0.083287 0.00019679 0.023821 0.0096827 8.9041 1.146 0.0025781 0.95615 7.3951 1.9872 2.1085 0.15705 0.35 0.65 0 1.6654 0.75 0.012167 0.048259 0.077779  
96.1118 3.0464 8.9224 0.0063676 3.8411 0.045408 0.40788 0.97745 0.89731 0.16154 0.21 0.012 0.264 0.71986 0.93204 1.0763 0.085657 0.00019777 0.023833 0.0096849 8.9326 1.1498 0.0025805 0.99912 7.462 2.0003 2.0238 0.15423 0.35 0.65 0 1.6671 0.75 0.011764 0.046693 0.075923  
99.3989 3.0306 8.9641 0.0064339 3.8865 0.046078 0.39941 0.95884 0.88215 0.16214 0.21 0.012 0.264 0.70839 0.93007 1.123 0.08783 0.00019848 0.023835 0.0096829 8.9611 1.153 0.0025819 1.039 7.5254 2.0127 1.9446 0.15111 0.35 0.65 0 1.6688 0.75 0.01138 0.04519 0.074103  
102.6859 3.0179 8.9866 0.0064816 3.9225 0.046634 0.39447 0.94335 0.87464 0.16257 0.21 0.012 0.264 0.70127 0.92797 1.1664 0.089821 0.00019895 0.023829 0.0096778 8.9897 1.1558 0.0025827 1.0759 7.5856 2.0241 1.8707 0.14773 0.35 0.65 0 1.6703 0.75 0.011016 0.043755 0.072393  
105.973 3.0078 8.996 0.0065124 3.9498 0.047073 0.39216 0.93091 0.87272 0.16285 0.21 0.012 0.264 0.69739 0.92593 1.2067 0.091649 0.00019921 0.023817 0.0096706 9.0183 1.1583 0.002583 1.1101 7.6429 2.0345 1.802 0.14409 0.35 0.65 0 1.6717 0.75 0.010673 0.042396 0.070846  
109.26 2.9998 8.9976 0.0065287 3.9691 0.047398 0.39167 0.92135 0.87454 0.163 0.21 0.012 0.264 0.6958 0.92407 1.2442 0.093334 0.0001993 0.023803 0.0096622 9.0468 1.1605 0.002583 1.1417 7.6974 2.0439 1.7383 0.14021 0.35 0.65 0 1.6731 0.75 0.010352 0.041116 0.069498  
112.5471 2.9933 8.9961 0.006533 3.9816 0.047617 0.39235 0.91438 0.87853 0.16304 0.21 0.012 0.264 0.69573 0.92247 1.2792 0.094896 0.00019926 0.023786 0.009653 9.0751 1.1626 0.0025829 1.1712 7.7495 2.0521 1.6795 0.13612 0.35 0.65 0 1.6743 0.75 0.010053 0.039918 0.068374  
117.6841 2.9846 8.9954 0.0065226 3.99 0.047781 0.39453 0.90785 0.88618 0.16294 0.21 0.012 0.264 0.69715 0.92055 1.3299 0.09714 0.000199 0.02376 0.0096382 9.1191 1.1655 0.0025826 1.2135 7.8267 2.0626 1.5969 0.12936 0.35 0.65 0 1.6761 0.75 0.009631 0.038211 0.067092  
122.8211 2.9762 9.0037 0.006501 3.989 0.047781 0.39682 0.90529 0.8927 0.16274 0.21 0.012 0.264 0.69897 0.91931 1.3767 0.099207 0.00019861 0.023734 0.0096236 9.1626 1.1683 0.0025823 1.2521 7.8997 2.0698 1.5251 0.12222 0.35 0.65 0 1.6776 0.75 0.0092629 0.036707 0.066384  
127.9581 2.9668 9.0235 0.0064773 3.9832 0.047687 0.39834 0.90521 0.89636 0.16251 0.21 0.012 0.264 0.70014 0.9186 1.4208 0.10116 0.00019822 0.02371 0.0096099 9.2056 1.1711 0.0025822 1.2882 7.9693 2.0734 1.4635 0.11481 0.35 0.65 0 1.6789 0.75 0.0089482 0.035407 0.066204  
133.0951 2.9567 9.0524 0.0064583 3.9761 0.04756 0.3988 0.90631 0.89681 0.16232 0.21 0.012 0.264 0.70021 0.91827 1.463 0.10303 0.0001979 0.023689 0.0095975 9.2481 1.174 0.0025823 1.3225 8.0365 2.0734 1.4115 0.10726 0.35 0.65 0 1.68 0.75 0.0086853 0.034305 0.066477  
138.2321 2.9464 9.0856 0.0064475 3.9703 0.047445 0.39826 0.90758 0.8946 0.16221 0.21 0.012 0.264 0.69924 0.91815 1.5037 0.10485 0.00019769 0.023672 0.0095866 9.2901 1.1769 0.0025826 1.3554 8.1023 2.0694 1.3684 0.09967 0.35 0.65 0 1.6808 0.75 0.0084726 0.033397 0.067115  
143.3691 2.9369 9.1175 0.0064461 3.967 0.04737 0.39702 0.90836 0.89082 0.16218 0.21 0.012 0.264 0.69755 0.9181 1.5432 0.10662 0.00019762 0.023659 0.0095775 9.3315 1.1799 0.0025834 1.387 8.1673 2.0612 1.3337 0.092181 0.35 0.65 0 1.6814 0.75 0.008308 0.032677 0.06803  
148.5061 2.9291 9.1432 0.0064535 3.9667 0.047345 0.39549 0.90831 0.88665 0.16224 0.21 0.012 0.264 0.69559 0.91799 1.5812 0.10834 0.00019768 0.023651 0.0095702 9.3724 1.1831 0.0025844 1.4172 8.2322 2.0489 1.3068 0.084919 0.35 0.65 0 1.6817 0.75 0.0081889 0.032135 0.069142  
153.6431 2.9238 9.1589 0.0064682 3.9691 0.047372 0.39409 0.90739 0.88315 0.16237 0.21 0.012 0.264 0.69381 0.91779 1.6176 0.11001 0.00019785 0.023648 0.0095646 9.4129 1.1864 0.0025858 1.4459 8.2976 2.0323 1.2871 0.078009 0.35 0.65 0 1.6816 0.75 0.0081124 0.031762 0.07038  
159.0524 2.9213 9.1624 0.0064887 3.9737 0.047447 0.39309 0.90559 0.88101 0.16256 0.21 0.012 0.264 0.69252 0.91743 1.6533 0.11167 0.00019812 0.023648 0.0095605 9.455 1.19 0.0025877 1.4745 8.3672 2.0104 1.2732 0.071236 0.35 0.65 0 1.6813 0.75 0.008074 0.031537 0.071752  
164.4617 2.9222 9.1521 0.0065117 3.9795 0.047555 0.39281 0.90323 0.881 0.16277 0.21 0.012 0.264 0.69212 0.91694 1.6861 0.11321 0.00019846 0.023653 0.009558 9.4965 1.1937 0.0025898 1.5011 8.4377 1.9842 1.2656 0.065089 0.35 0.65 0 1.6805 0.75 0.0080739 0.031468 0.073129  
169.871 2.9263 9.1292 0.0065344 3.9856 0.047677 0.39335 0.90064 0.88326 0.16299 0.21 0.012 0.264 0.69272 0.91635 1.716 0.1146 0.00019881 0.023661 0.0095567 9.5376 1.1976 0.0025921 1.5253 8.5091 1.9542 1.2634 0.059649 0.35 0.65 0 1.6795 0.75 0.0081063 0.031535 0.07445  
175.2804 2.933 9.0963 0.0065542 3.9908 0.047797 0.39469 0.89818 0.88756 0.16318 0.21 0.012 0.264 0.69427 0.91571 1.7428 0.11586 0.00019915 0.02367 0.0095561 9.5783 1.2016 0.0025945 1.5465 8.581 1.9211 1.2655 0.054962 0.35 0.65 0 1.678 0.75 0.0081644 0.031712 0.075669  
180.6897 2.9414 9.0575 0.0065692 3.9946 0.047898 0.39667 0.89613 0.89342 0.16334 0.21 0.012 0.264 0.6966 0.91509 1.7666 0.11699 0.00019944 0.023679 0.0095559 9.6186 1.2056 0.002597 1.5649 8.6529 1.8856 1.271 0.051032 0.35 0.65 0 1.6762 0.75 0.0082408 0.031972 0.076747  
186.099 2.9508 9.017 0.0065784 3.9964 0.047969 0.39906 0.89471 0.90014 0.16344 0.21 0.012 0.264 0.69944 0.91454 1.787 0.11798 0.00019966 0.02369 0.009556 9.6585 1.2095 0.0025995 1.5812 8.724 1.8487 1.2787 0.047826 0.35 0.65 0 1.674 0.75 0.0083279 0.032287 0.077665  
191.5083 2.96 8.9789 0.0065815 3.9961 0.048004 0.4016 0.89402 0.90698 0.16348 0.21 0.012 0.264 0.70248 0.91411 1.8039 0.11882 0.0001998 0.0237 0.0095561 9.698 1.2135 0.0026019 1.5958 8.7937 1.8113 1.2877 0.045279 0.35 0.65 0 1.6716 0.75 0.0084183 0.032627 0.078417  
196.9177 2.9682 8.9465 0.0065794 3.994 0.048003 0.40403 0.89405 0.91324 0.16348 0.21 0.012 0.264 0.70539 0.91382 1.819 0.11952 0.00019987 0.023708 0.0095555 9.7372 1.2174 0.0026041 1.6081 8.8609 1.7745 1.2972 0.043309 0.35 0.65 0 1.6689 0.75 0.0085056 0.032967 0.079015  
202.327 2.9748 8.922 0.0065734 3.9905 0.047972 0.40612 0.8947 0.9184 0.16344 0.21 0.012 0.264 0.70793 0.91367 1.8325 0.12017 0.00019987 0.023713 0.0095537 9.7761 1.2212 0.0026059 1.6187 8.9252 1.7389 1.3064 0.04182 0.35 0.65 0 1.6661 0.75 0.0085846 0.033284 0.079476  
207.7363 2.9795 8.9063 0.0065649 3.9862 0.047918 0.40773 0.89579 0.92211 0.16337 0.21 0.012 0.264 0.70991 0.91365 1.8448 0.12076 0.00019983 0.023718 0.0095519 9.8147 1.2249 0.0026078 1.6284 8.9857 1.7052 1.3149 0.040721 0.35 0.65 0 1.6631 0.75 0.0086521 0.033563 0.079825  
213.1456 2.9822 8.8993 0.0065555 3.9816 0.047851 0.40877 0.89715 0.92425 0.16328 0.21 0.012 0.264 0.71121 0.91373 1.8563 0.1213 0.00019975 0.02372 0.0095493 9.853 1.2285 0.0026094 1.6375 9.0422 1.6739 1.3223 0.039924 0.35 0.65 0 1.6601 0.75 0.0087062 0.033794 0.080083  
219.2705 2.9829 8.9007 0.0065453 3.9768 0.047771 0.40927 0.89876 0.92486 0.16319 0.21 0.012 0.264 0.71187 0.91392 1.8691 0.12189 0.00019965 0.02372 0.0095455 9.896 1.2324 0.002611 1.6473 9.101 1.6415 1.3292 0.039296 0.35 0.65 0 1.6568 0.75 0.0087509 0.033992 0.08029  
225.3954 2.9816 8.9099 0.0065368 3.9728 0.047697 0.40911 0.90025 0.92383 0.16311 0.21 0.012 0.264 0.71173 0.91416 1.8819 0.12248 0.00019955 0.023719 0.0095412 9.9385 1.2362 0.0026125 1.6571 9.1543 1.6126 1.3344 0.038874 0.35 0.65 0 1.6535 0.75 0.008779 0.034125 0.080425  
231.5203 2.9788 8.9243 0.0065303 3.9699 0.047636 0.40845 0.90146 0.9216 0.16304 0.21 0.012 0.264 0.71098 0.91442 1.8951 0.12308 0.00019946 0.023717 0.0095367 9.9807 1.2399 0.0026139 1.6671 9.2021 1.5871 1.3381 0.038591 0.35 0.65 0 1.6504 0.75 0.0087926 0.0342 0.080503  
237.6452 2.9751 8.9416 0.0065261 3.9682 0.047591 0.40744 0.90232 0.91863 0.163 0.21 0.012 0.264 0.7098 0.91465 1.9087 0.1237 0.00019939 0.023714 0.0095318 10.0224 1.2436 0.0026152 1.6774 9.2447 1.5648 1.3405 0.038396 0.35 0.65 0 1.6474 0.75 0.0087942 0.034224 0.080535  
243.7701 2.9709 8.96 0.0065236 3.9675 0.047561 0.40627 0.90284 0.91534 0.16297 0.21 0.012 0.264 0.7084 0.91485 1.9228 0.12434 0.00019934 0.023711 0.0095269 10.0637 1.2471 0.0026164 1.688 9.2826 1.5454 1.3418 0.038257 0.35 0.65 0 1.6447 0.75 0.0087868 0.03421 0.08053  
250.598 2.966 8.9801 0.0065223 3.9675 0.047542 0.40491 0.90308 0.91168 0.16295 0.21 0.012 0.264 0.70675 0.91501 1.939 0.12507 0.0001993 0.023707 0.0095214 10.1092 1.251 0.0026177 1.7002 9.3196 1.5269 1.3422 0.038136 0.35 0.65 0 1.642 0.75 0.0087709 0.03416 0.080493  
257.4258 2.9612 8.9987 0.0065219 3.9681 0.047533 0.40362 0.90307 0.9083 0.16293 0.21 0.012 0.264 0.70517 0.91512 1.9555 0.12582 0.00019926 0.023702 0.009516 10.1543 1.2549 0.002619 1.7127 9.3519 1.5111 1.3418 0.038033 0.35 0.65 0 1.6395 0.75 0.0087499 0.034087 0.080436  
264.2537 2.9567 9.0157 0.0065218 3.9689 0.04753 0.40245 0.90292 0.90529 0.16292 0.21 0.012 0.264 0.70372 0.91518 1.9723 0.12657 0.00019923 0.023698 0.0095106 10.1988 1.2587 0.0026202 1.7253 9.3799 1.4977 1.3409 0.037937 0.35 0.65 0 1.6373 0.75 0.0087262 0.034 0.080372  
271.0816 2.9526 9.0311 0.0065216 3.9697 0.047529 0.40142 0.90271 0.90265 0.16292 0.21 0.012 0.264 0.70243 0.91522 1.9892 0.12734 0.0001992 0.023694 0.0095053 10.2428 1.2624 0.0026214 1.738 9.4042 1.4864 1.3397 0.037843 0.35 0.65 0 1.6354 0.75 0.0087015 0.033907 0.080312  
277.9095 2.9487 9.0451 0.0065214 3.9704 0.047528 0.40052 0.90249 0.90033 0.16291 0.21 0.012 0.264 0.70128 0.91523 2.0062 0.12811 0.00019917 0.02369 0.0095001 10.2863 1.2661 0.0026226 1.7508 9.4253 1.4767 1.3383 0.037749 0.35 0.65 0 1.6336 0.75 0.0086773 0.033813 0.080263  
284.7373 2.9451 9.0579 0.0065209 3.971 0.047526 0.39971 0.90229 0.89827 0.1629 0.21 0.012 0.264 0.70026 0.91524 2.0231 0.12887 0.00019915 0.023687 0.009495 10.3294 1.2698 0.0026238 1.7635 9.4437 1.4684 1.3368 0.037653 0.35 0.65 0 1.6322 0.75 0.0086542 0.033723 0.080229  
295.668 2.9399 9.0765 0.00652 3.9716 0.04752 0.39859 0.90203 0.89536 0.16288 0.21 0.012 0.264 0.69881 0.91524 2.0501 0.13009 0.0001991 0.023681 0.0094872 10.3973 1.2756 0.0026257 1.7838 9.4682 1.4575 1.3345 0.037503 0.35 0.65 0 1.6301 0.75 0.0086208 0.033591 0.080205  
306.5986 2.9352 9.0934 0.0065189 3.972 0.047513 0.39759 0.90185 0.89277 0.16286 0.21 0.012 0.264 0.69753 0.91524 2.0769 0.13131 0.00019906 0.023676 0.0094798 10.464 1.2813 0.0026275 1.8038 9.4878 1.4489 1.3324 0.037359 0.35 0.65 0 1.6285 0.75 0.0085926 0.033479 0.080217  
317.5292 2.9308 9.109 0.0065179 3.9723 0.047504 0.39668 0.90172 0.89037 0.16285 0.21 0.012 0.264 0.69635 0.91525 2.1033 0.1325 0.00019902 0.023671 0.0094727 10.5295 1.2869 0.0026294 1.8235 9.5037 1.442 1.3306 0.037227 0.35 0.65 0 1.6272 0.75 0.0085696 0.033386 0.080257  
328.4598 2.9268 9.1235 0.006517 3.9725 0.047495 0.39583 0.9016 0.88812 0.16283 0.21 0.012 0.264 0.69526 0.91525 2.1294 0.13369 0.00019899 0.023666 0.0094659 10.5939 1.2924 0.0026312 1.8429 9.5166 1.4364 1.3292 0.037111 0.35 0.65 0 1.6262 0.75 0.0085511 0.033312 0.080314  
339.3905 2.9231 9.137 0.0065162 3.9727 0.047487 0.39503 0.90149 0.88601 0.16282 0.21 0.012 0.264 0.69424 0.91526 2.1552 0.13486 0.00019896 0.023662 0.0094594 10.6572 1.2979 0.002633 1.8619 9.527 1.4318 1.328 0.037012 0.35 0.65 0 1.6253 0.75 0.0085363 0.033252 0.080381  
356.6738 2.9177 9.1565 0.006515 3.973 0.047474 0.39388 0.90134 0.88297 0.1628 0.21 0.012 0.264 0.69277 0.91526 2.195 0.13667 0.00019892 0.023657 0.0094496 10.7551 1.3064 0.0026357 1.8913 9.5396 1.4263 1.3267 0.036887 0.35 0.65 0 1.6243 0.75 0.0085188 0.033182 0.080498  
373.957 2.9127 9.1744 0.0065138 3.9731 0.047462 0.39284 0.90122 0.8802 0.16278 0.21 0.012 0.264 0.69143 0.91526 2.2338 0.13844 0.00019888 0.023651 0.0094404 10.8505 1.3146 0.0026384 1.9199 9.5487 1.4223 1.3257 0.036796 0.35 0.65 0 1.6236 0.75 0.0085066 0.033132 0.08062  
391.2403 2.9081 9.1911 0.0065126 3.9732 0.047449 0.39187 0.90112 0.87763 0.16276 0.21 0.012 0.264 0.6902 0.91526 2.2717 0.14016 0.00019884 0.023646 0.0094316 10.9435 1.3227 0.002641 1.9475 9.5553 1.4194 1.3251 0.03673 0.35 0.65 0 1.623 0.75 0.0084978 0.033097 0.080744  
408.5236 2.9038 9.2068 0.0065115 3.9732 0.047436 0.39096 0.90104 0.8752 0.16275 0.21 0.012 0.264 0.68904 0.91526 2.3086 0.14184 0.00019881 0.023642 0.0094232 11.034 1.3305 0.0026435 1.9743 9.56 1.4172 1.3246 0.036683 0.35 0.65 0 1.6226 0.75 0.0084915 0.033072 0.080869  
425.8069 2.8998 9.2215 0.0065105 3.9733 0.047425 0.39011 0.90096 0.87291 0.16273 0.21 0.012 0.264 0.68794 0.91527 2.3445 0.14347 0.00019878 0.023638 0.0094152 11.1224 1.3382 0.0026459 2.0004 9.5634 1.4157 1.3243 0.036648 0.35 0.65 0 1.6223 0.75 0.0084869 0.033053 0.080992  
455.1689 2.8935 9.2445 0.0065089 3.9734 0.047406 0.38877 0.90084 0.86935 0.16271 0.21 0.012 0.264 0.68624 0.91527 2.4037 0.14617 0.00019873 0.023631 0.0094024 11.2675 1.3508 0.0026499 2.043 9.567 1.414 1.3239 0.036611 0.35 0.65 0 1.622 0.75 0.008482 0.033033 0.081192  
484.5308 2.8877 9.2654 0.0065074 3.9734 0.047389 0.38757 0.90073 0.86613 0.16268 0.21 0.012 0.264 0.6847 0.91526 2.4607 0.14876 0.00019868 0.023625 0.0093905 11.4067 1.3629 0.0026536 2.0837 9.5691 1.413 1.3237 0.036589 0.35 0.65 0 1.6218 0.75 0.0084791 0.033022 0.081381  
513.8928 2.8825 9.2847 0.0065059 3.9733 0.047372 0.38647 0.90065 0.86316 0.16266 0.21 0.012 0.264 0.68329 0.91526 2.5155 0.15126 0.00019864 0.023619 0.0093794 11.5403 1.3745 0.0026571 2.1227 9.5703 1.4124 1.3236 0.036576 0.35 0.65 0 1.6217 0.75 0.0084775 0.033015 0.08156  
543.2548 2.8776 9.3026 0.0065045 3.9733 0.047357 0.38544 0.90058 0.8604 0.16264 0.21 0.012 0.264 0.68198 0.91526 2.5685 0.15367 0.0001986 0.023614 0.009369 11.6688 1.3857 0.0026604 2.16 9.5709 1.4121 1.3235 0.036567 0.35 0.65 0 1.6217 0.75 0.0084765 0.033011 0.081729  
572.6167 2.873 9.3193 0.0065032 3.9733 0.047342 0.38449 0.9005 0.85784 0.16262 0.21 0.012 0.264 0.68077 0.91526 2.6198 0.15601 0.00019857 0.023609 0.0093593 11.7922 1.3964 0.0026636 2.1959 9.5713 1.4118 1.3235 0.036562 0.35 0.65 0 1.6216 0.75 0.008476 0.033009 0.081887  
624.1125 2.8658 9.3458 0.0065011 3.9732 0.047318 0.38297 0.9004 0.85376 0.16259 0.21 0.012 0.264 0.67884 0.91526 2.7059 0.15993 0.00019851 0.023601 0.0093436 11.9977 1.4143 0.0026687 2.2558 9.5715 1.4116 1.3234 0.036557 0.35 0.65 0 1.6216 0.75 0.0084755 0.033007 0.082143  
675.6083 2.8592 9.3697 0.006499 3.973 0.047296 0.38162 0.90031 0.85011 0.16256 0.21 0.012 0.264 0.67711 0.91526 2.7878 0.16366 0.00019846 0.023593 0.0093294 12.19 1.431 0.0026735 2.3121 9.5715 1.4115 1.3234 0.036554 0.35 0.65 0 1.6216 0.75 0.0084755 0.033007 0.082374  
727.1041 2.8533 9.3913 0.0064972 3.9729 0.047276 0.38039 0.90024 0.8468 0.16254 0.21 0.012 0.264 0.67555 0.91526 2.8659 0.16722 0.00019841 0.023587 0.0093165 12.3704 1.4467 0.0026778 2.3653 9.5715 1.4114 1.3234 0.036552 0.35 0.65 0 1.6216 0.75 0.0084754 0.033007 0.082585  
778.5999 2.848 9.4111 0.0064955 3.9728 0.047257 0.37928 0.90017 0.84379 0.16251 0.21 0.012 0.264 0.67413 0.91526 2.9408 0.17063 0.00019837 0.023581 0.0093048 12.5397 1.4615 0.0026818 2.4157 9.5715 1.4114 1.3234 0.036551 0.35 0.65 0 1.6216 0.75 0.0084754 0.033007 0.082777  
830.0957 2.843 9.4291 0.0064939 3.9726 0.04724 0.37826 0.90011 0.84105 0.16249 0.21 0.012 0.264 0.67283 0.91525 3.0126 0.1739 0.00019832 0.023575 0.0092941 12.699 1.4753 0.0026855 2.4637 9.5714 1.4113 1.3234 0.036549 0.35 0.65 0 1.6216 0.75 0.0084754 0.033007 0.082953  
934.0706 2.8342 9.4615 0.0064909 3.9724 0.047208 0.37645 0.90002 0.83613 0.16245 0.21 0.012 0.264 0.67052 0.91525 3.1494 0.18013 0.00019825 0.023565 0.0092751 12.9929 1.5009 0.0026922 2.5539 9.5713 1.4113 1.3234 0.036547 0.35 0.65 0 1.6215 0.75 0.0084754 0.033007 0.083271  
1038.0456 2.8266 9.4893 0.0064883 3.9721 0.047181 0.37489 0.89994 0.83191 0.16242 0.21 0.012 0.264 0.66853 0.91525 3.2765 0.18592 0.00019819 0.023557 0.0092589 13.2541 1.5237 0.002698 2.6365 9.5712 1.4112 1.3234 0.036545 0.35 0.65 0 1.6215 0.75 0.0084755 0.033007 0.083545  
1142.0205 2.82 9.5136 0.006486 3.9718 0.047156 0.37353 0.89988 0.82823 0.16238 0.21 0.012 0.264 0.66681 0.91524 3.3953 0.19134 0.00019813 0.023549 0.009245 13.4873 1.5439 0.002703 2.7125 9.5711 1.4111 1.3234 0.036543 0.35 0.65 0 1.6215 0.75 0.0084755 0.033007 0.083784  
1245.9954 2.8142 9.535 0.0064839 3.9716 0.047135 0.37234 0.89983 0.82501 0.16236 0.21 0.012 0.264 0.6653 0.91524 3.5068 0.19641 0.00019808 0.023542 0.009233 13.696 1.5621 0.0027074 2.7827 9.571 1.4111 1.3234 0.036542 0.35 0.65 0 1.6215 0.75 0.0084756 0.033007 0.083995  
1349.9703 2.809 9.554 0.006482 3.9714 0.047115 0.37129 0.89978 0.82215 0.16233 0.21 0.012 0.264 0.66396 0.91523 3.6115 0.20118 0.00019804 0.023536 0.0092225 13.8833 1.5784 0.0027113 2.8478 9.5709 1.411 1.3234 0.036541 0.35 0.65 0 1.6215 0.75 0.0084756 0.033008 0.084183  
1514.0864 2.802 9.58 0.0064794 3.971 0.047088 0.36985 0.89972 0.81825 0.1623 0.21 0.012 0.264 0.66213 0.91523 3.7642 0.20814 0.00019798 0.023528 0.0092085 14.1412 1.6008 0.0027165 2.9414 9.5708 1.411 1.3234 0.036539 0.35 0.65 0 1.6215 0.75 0.0084756 0.033008 0.08444  
1678.2025 2.796 9.602 0.0064771 3.9707 0.047065 0.36864 0.89968 0.81495 0.16227 0.21 0.012 0.264 0.66059 0.91522 3.9032 0.21448 0.00019792 0.023521 0.009197 14.3603 1.6199 0.0027209 3.0254 9.5707 1.4109 1.3234 0.036537 0.35 0.65 0 1.6215 0.75 0.0084757 0.033008 0.084659  
1842.3186 2.7909 9.6209 0.0064752 3.9705 0.047045 0.3676 0.89964 0.81212 0.16224 0.21 0.012 0.264 0.65927 0.91522 4.0301 0.22026 0.00019788 0.023515 0.0091874 14.5472 1.6361 0.0027245 3.1008 9.5706 1.4109 1.3234 0.036536 0.35 0.65 0 1.6215 0.75 0.0084757 0.033008 0.084847  
2006.4347 2.7865 9.6372 0.0064734 3.9702 0.047027 0.36671 0.89961 0.80969 0.16222 0.21 0.012 0.264 0.65813 0.91521 4.1464 0.22556 0.00019784 0.02351 0.0091794 14.7072 1.65 0.0027276 3.1683 9.5705 1.4109 1.3235 0.036535 0.35 0.65 0 1.6215 0.75 0.0084757 0.033008 0.085009  
2170.5508 2.7826 9.6513 0.0064719 3.97 0.047012 0.36593 0.89958 0.80758 0.1622 0.21 0.012 0.264 0.65715 0.9152 4.2529 0.23042 0.00019781 0.023505 0.0091726 14.8445 1.6619 0.0027303 3.229 9.5705 1.4108 1.3235 0.036534 0.35 0.65 0 1.6215 0.75 0.0084757 0.033008 0.08515  
2397.2615 2.7781 9.668 0.0064701 3.9697 0.046994 0.36502 0.89955 0.80509 0.16218 0.21 0.012 0.264 0.65598 0.9152 4.3842 0.2364 0.00019777 0.0235 0.0091649 15.0029 1.6756 0.0027333 3.3042 9.5704 1.4108 1.3235 0.036533 0.35 0.65 0 1.6215 0.75 0.0084757 0.033008 0.085317  
2623.9722 2.7743 9.682 0.0064686 3.9695 0.046979 0.36426 0.89952 0.80302 0.16216 0.21 0.012 0.264 0.65501 0.91519 4.5003 0.2417 0.00019774 0.023496 0.0091587 15.1318 1.6868 0.0027357 3.3694 9.5703 1.4108 1.3235 0.036532 0.35 0.65 0 1.6215 0.75 0.0084758 0.033008 0.085457  
2850.683 2.7711 9.6937 0.0064673 3.9693 0.046966 0.36362 0.8995 0.80127 0.16214 0.21 0.012 0.264 0.6542 0.91519 4.6028 0.24637 0.00019771 0.023492 0.0091537 15.2372 1.6959 0.0027377 3.4259 9.5703 1.4107 1.3235 0.036531 0.35 0.65 0 1.6215 0.75 0.0084758 0.033008 0.085574  
3000 2.7693 9.7005 0.0064666 3.9692 0.046959 0.36325 0.89949 0.80027 0.16213 0.21 0.012 0.264 0.65373 0.91518 4.6635 0.24914 0.0001977 0.02349 0.0091509 15.2959 1.701 0.0027388 3.4592 9.5703 1.4107 1.3235 0.036531 0.35 0.65 0 1.6215 0.75 0.0084758 0.033008 0.085642  
